component unit0/component0 placements 341
  127 0.331147 -0.342585 0.150299 0.071333 514.938239 212.090453
  139 -0.215914 0.133794 -0.338366 -0.032847 493.626022 252.670453
  127 -0.049486 -0.156233 0.252691 -0.273767 496.488341 279.986018
  130 0.002242 0.125912 -0.081695 -0.000599 539.492565 291.780390
  129 -0.016365 0.101842 0.067249 0.081102 511.423804 379.765020
  139 -0.013107 -0.841876 -0.120196 -0.725230 399.811191 464.988103
  129 0.033445 -0.139660 -0.034371 -0.140531 172.460469 480.309202
  129 0.107570 -0.106001 0.053456 -0.141391 95.813449 393.384277
  139 0.773954 0.221168 0.720069 0.010563 104.297835 265.498207
  127 -0.608547 0.013345 -0.064325 -0.094009 73.653988 236.513447
  102 0.336235 0.000000 0.000000 0.336235 117.238947 234.662202
  139 0.787719 -0.399795 0.795138 -0.238816 173.465296 123.176395
  129 0.094432 -0.115303 0.037089 -0.166342 290.714768 72.493231
  139 -0.343341 0.533055 -0.185041 0.529198 332.417152 98.888537
  139 -0.397712 -0.263138 -0.518072 0.800786 387.395926 134.236134
  139 -0.567649 0.145239 -0.460479 0.286127 441.539136 118.732447
  139 0.190197 0.374115 -0.013435 0.421148 337.768072 406.966197
  127 0.027905 0.365070 0.101512 0.049904 312.270159 355.929911
  129 0.190672 -0.005672 0.176619 0.063850 404.682121 257.113420
  139 0.287717 -0.504871 0.351161 -0.388292 465.555475 288.652090
  139 -0.261494 0.549735 -0.063187 0.558643 392.014556 426.482392
  129 -0.022208 0.075921 -0.059564 0.052065 270.841713 277.425164
  129 -0.077942 0.065420 -0.101365 0.007773 227.535515 298.346141
  129 0.075079 -0.045244 0.083695 0.018802 268.243898 393.379258
  129 0.065214 -0.082530 0.107798 -0.015510 281.020652 388.116644
  129 0.119377 -0.036035 0.116530 0.036433 299.391777 384.209190
  139 -0.297124 -0.625661 -0.102337 -0.600741 311.553173 367.302536
  102 0.433280 0.000000 0.000000 0.433280 278.959190 481.236034
  102 0.675368 0.000000 0.000000 0.675368 218.065794 439.930705
  102 0.920899 0.000000 0.000000 0.920899 202.976115 395.152846
  103 0.325897 -0.117543 0.168072 -0.048811 494.645393 145.548228
  103 0.308698 -0.101100 0.164274 -0.034618 493.333935 147.388305
  103 0.296806 -0.080570 0.165896 -0.018128 492.662792 149.617375
  103 0.292266 -0.056006 0.168235 0.003824 492.502052 152.407855
  103 0.292024 -0.024687 0.175051 0.019947 492.864871 155.307128
  103 0.297814 0.004955 0.182871 0.035083 493.669439 158.044238
  103 0.307490 0.032901 0.195043 0.047930 494.964276 160.545791
  103 0.322884 0.058015 0.249113 0.106697 498.950352 165.414611
  103 0.377470 0.121533 0.287768 0.135583 504.589206 171.082978
  103 0.438284 0.178342 0.329442 0.160065 510.794220 176.077533
  103 0.504830 0.227978 0.311513 0.229935 514.058078 183.131964
  103 0.522555 0.313386 0.355644 0.232823 517.641756 188.758337
  103 0.569688 0.358594 0.073996 0.468674 505.026770 204.741397
  103 0.349012 0.585725 0.201409 0.355292 497.974943 212.985099
  103 0.355889 0.614931 0.230501 0.426283 500.029720 218.794329
  103 0.377832 0.677133 0.222044 0.436550 500.964704 223.345041
  103 0.381470 0.717137 0.233550 0.458940 501.836119 227.147920
  103 0.393267 0.756555 0.165324 0.490365 498.804541 231.414766
  103 0.340000 0.803516 0.232432 0.584550 499.120000 239.647500
  103 0.255391 0.092734 0.055631 0.197973 531.452500 289.012500
  103 0.175937 0.218047 0.134493 0.256012 530.744387 300.253646
  103 0.204600 0.331034 0.060932 0.217598 528.496118 305.352836
  103 0.155139 0.354215 -0.043034 0.398539 519.560544 316.878689
  103 0.371562 0.908672 0.260650 1.126690 502.706081 276.466308
  103 0.411814 1.431388 0.190846 0.853885 501.408041 294.779404
  103 0.371406 1.456172 -0.301491 0.787111 471.497274 292.659637
  103 -0.075746 1.410658 -0.055786 0.756197 456.516137 288.031069
  103 -0.085547 -0.103750 0.039144 -0.230180 450.117500 310.585000
  103 -0.086250 1.361094 -0.059910 0.494775 455.615000 270.350000
  103 -0.095078 1.109609 -0.200946 0.562748 447.222500 258.027500
  103 -0.221797 1.042812 -0.276532 0.350901 434.917500 241.995000
  103 -0.350703 0.825703 -0.332976 0.420229 423.534833 231.947705
  103 -0.464104 0.777269 -0.412125 0.460400 411.884370 231.077397
  103 -0.589442 0.787887 -0.378504 0.459574 405.728711 231.711158
  103 -0.622955 0.792481 -0.396216 0.469454 402.600898 232.553466
  103 -0.655071 0.803345 -0.413446 0.480489 399.589230 233.861248
  103 -0.686070 0.818347 -0.428572 0.495908 396.765748 235.677102
  103 -0.714687 0.839219 -0.573063 0.395676 386.915000 231.450000
  103 -0.185265 0.282121 -0.560208 -0.283475 312.161528 255.732871
  103 -0.854297 0.762734 -1.159595 0.318964 345.427500 222.297500
  103 -1.432734 0.657969 -0.848171 0.215923 325.691528 209.873723
  103 -1.451890 0.516230 -0.918640 0.203255 320.554514 200.099362
  103 -1.522578 0.434375 -1.087523 0.097838 306.657500 189.010000
  103 -1.704375 0.302031 -1.206465 0.100182 288.421201 180.670127
  103 -0.107639 0.053683 -0.216878 -0.006901 202.536752 189.282996
  103 -1.898419 0.237893 -1.373524 0.161215 266.730601 179.952563
  103 0.037694 0.114960 -0.018840 0.124920 170.355408 226.803770
  103 0.002509 0.165810 -0.030601 0.158636 167.450860 231.929312
  103 -0.025282 0.220472 -0.040061 0.193052 165.147148 237.337815
  103 0.035042 0.009190 0.026421 0.161875 176.473658 273.075931
  103 0.032588 0.015527 0.065414 0.176126 174.309497 272.284992
  103 0.030726 0.019594 0.101920 0.196376 172.283447 271.161114
  103 0.027269 0.025377 0.135358 0.222305 170.427608 269.722053
  103 0.049325 -0.045815 0.168530 -0.044524 240.666612 294.471086
  103 0.005339 -0.133411 0.065961 -0.207462 277.409155 251.514149
  103 0.072172 -0.297325 0.495001 0.274709 303.923560 274.275137
  103 0.040850 -0.032480 0.560167 0.084551 300.306872 284.828883
  103 0.129557 -0.076445 0.658419 0.021748 294.853869 288.314488
  103 0.170809 -0.061518 0.831603 -0.057799 285.242168 292.729329
  103 0.806560 -0.080882 0.461925 -0.002414 305.413140 294.563957
  103 0.803856 -0.042534 0.347216 0.061155 298.873707 300.546276
  103 0.067225 -0.001761 0.849461 0.035616 270.999129 301.963700
  103 0.770254 0.030005 0.320603 0.240288 286.641399 315.356007
  103 0.120169 0.008044 0.834000 0.262226 258.147852 314.138412
  103 0.783319 0.231422 0.563143 0.263020 285.556856 328.478592
  103 0.880010 0.343798 0.529364 0.478080 289.870321 347.606549
  103 0.064461 -0.000593 0.112924 0.043855 329.642744 376.536030
  103 0.130156 0.037734 0.149820 0.139144 335.895000 384.277500
  103 1.103984 0.719375 0.861396 0.575676 296.402500 360.050000
  103 -0.160156 0.314609 -0.130180 0.070856 326.735000 416.067500
  103 -0.192969 0.218750 -0.096126 0.023874 326.525000 407.325000
  103 -0.179844 0.130078 -0.212324 -0.128187 320.916004 393.210596
  103 1.298984 0.858906 0.432946 0.442038 285.103504 361.563096
  103 1.024938 0.812783 0.503885 0.434324 271.501625 358.183082
  103 0.949432 0.783032 0.457666 0.485487 264.104106 359.118566
  103 0.871598 0.812524 0.415941 0.470977 256.807019 360.200763
  103 0.796498 0.814687 0.416163 0.540721 252.012936 364.209994
  103 0.759141 0.876250 0.373788 0.482355 247.270237 364.910705
  103 0.703715 0.856417 0.350651 0.536480 242.438869 366.645353
  103 0.655937 0.893438 0.328829 0.727568 238.170000 379.620000
  103 0.131016 0.205469 0.782568 1.361171 212.987500 344.455000
  103 0.744141 1.283125 0.470946 0.958559 234.932500 391.080000
  103 0.081989 -0.035562 0.161466 -0.017514 298.218645 450.722009
  103 0.160156 -0.314609 0.241424 -0.143636 347.359007 404.163228
  103 0.129141 -0.136563 0.408225 -0.403771 338.101507 418.600728
  103 0.418578 -0.418426 0.355414 -0.273160 353.694504 407.810364
  103 0.517500 -0.446094 0.323061 -0.215869 358.229866 409.219267
  103 0.538904 -0.410246 0.341878 -0.199671 360.644080 412.412519
  103 0.565924 -0.378275 0.362014 -0.184675 363.490929 415.290902
  103 0.596896 -0.349286 0.385844 -0.173655 366.795678 417.757855
  103 0.084453 -0.153047 0.229144 -0.006171 406.332500 397.982500
  103 0.633047 -0.325234 0.642838 -0.281937 383.372500 413.287500
  103 0.058203 -0.124922 0.237459 -0.228314 435.953959 376.973552
  103 0.043997 -0.218421 0.541002 -0.073452 481.974366 346.246595
  103 0.235023 -0.260452 0.701879 -0.349559 473.045729 361.570526
  103 0.726172 -0.433359 0.538019 -0.160063 495.385053 361.021485
  103 0.873984 -0.407109 1.460632 -0.644658 444.180053 387.916485
  103 1.703634 -0.762594 1.110023 -0.362000 477.818824 380.852959
  103 0.116679 0.057719 -0.321735 0.065171 529.036274 368.072983
  103 1.593750 -0.609844 0.901146 -0.273921 459.193617 395.517411
  103 1.578338 -0.542462 0.965945 -0.253347 461.803559 400.971657
  103 0.023003 0.010977 -0.289044 0.027403 505.304904 394.002470
  103 0.020032 0.015905 -0.264231 0.042902 503.927767 393.142269
  103 0.014820 0.022128 -0.244136 0.064831 502.812481 391.925224
  103 1.626824 -0.490930 0.702398 -0.205469 450.279856 406.926898
  103 0.010657 0.093095 -0.023829 0.059987 488.622498 404.810719
  103 1.422523 -0.423646 0.802509 -0.130601 442.760740 415.388336
  103 1.407188 -0.325078 0.915664 -0.048739 448.059375 426.240000
  103 0.181016 -0.032969 1.831385 -0.255180 397.236875 437.697500
  103 0.030400 0.093320 -0.238958 0.038131 487.562188 431.623750
  103 1.678662 -0.237773 0.746447 -0.045158 432.872188 436.246250
  103 1.486641 -0.158047 0.804459 0.034820 423.802500 445.787500
  103 0.111406 -0.008672 1.725856 -0.061306 372.665000 451.122500
  103 1.552344 -0.057500 0.872594 -0.027310 417.528994 449.884308
  103 1.532875 -0.052433 0.865529 -0.015388 415.890843 450.870297
  103 1.517013 -0.039560 0.859640 -0.002626 414.548877 452.402384
  103 1.503976 -0.022058 0.856953 0.013367 413.565352 454.410172
  103 1.495127 0.000563 0.811819 0.003910 410.494063 455.333008
  103 1.451563 0.003672 0.861319 0.023291 410.453218 456.607640
  103 1.472707 0.022033 0.868532 0.037696 412.206730 458.582295
  103 1.489533 0.043707 0.873255 0.054012 413.545770 460.874870
  103 1.502042 0.068692 0.881578 0.142449 414.808309 467.382162
  103 0.040070 0.080231 -0.298248 -0.119507 453.202758 484.722612
  103 0.026993 0.085409 -0.259581 -0.024002 451.056736 479.422129
  103 1.515515 0.157876 0.629793 0.116270 401.696477 471.637017
  103 0.019173 0.027932 -0.302729 -0.226778 423.681450 497.716183
  103 0.011844 0.031531 -0.284845 -0.192493 422.688893 495.813374
  103 0.003473 0.033995 -0.276014 -0.154713 422.198755 493.716548
  103 0.005041 0.172167 -0.271105 -0.035844 421.926312 487.119357
  103 1.303906 0.179766 0.483604 0.167072 380.040000 475.857500
  103 1.071328 0.234766 0.614820 0.414279 372.437500 493.097500
  103 1.068828 0.476641 0.449068 0.312266 363.078302 502.915754
  103 -0.051349 0.122491 -0.035696 0.051172 382.734130 530.926006
  103 -0.056630 0.105622 -0.045734 0.045413 381.839067 529.526687
  103 0.923841 0.509113 0.454279 0.399854 354.088312 509.855170
  103 0.855866 0.601305 0.473344 0.337188 350.795982 512.277467
  103 0.838411 0.593058 0.449934 0.329483 348.379602 511.322005
  103 0.809382 0.582252 0.431960 0.332464 345.524219 510.795917
  103 0.779281 0.579435 0.414539 0.337324 342.630928 510.885302
  103 -0.029358 0.010416 -0.074673 -0.056783 359.614572 527.121944
  103 0.749124 0.582240 0.340327 0.284929 336.582072 508.156944
  103 0.669689 0.538207 0.279549 0.269142 328.125052 504.462626
  103 0.577266 0.502500 0.303413 0.353791 323.534437 506.875396
  103 0.551749 0.558053 0.297038 0.334733 321.547549 509.373051
  103 0.533462 0.569302 0.285141 0.335873 319.716929 510.156282
  103 0.514002 0.575916 0.272568 0.334340 317.773682 510.494458
  103 0.493369 0.577893 0.259319 0.330134 315.717806 510.387578
  103 0.471563 0.575234 0.144685 0.468423 307.960000 517.892500
  103 0.067813 0.084375 0.455676 0.848739 290.700000 496.785000
  103 -0.117895 -0.103493 -0.076264 -0.082444 304.212087 532.690784
  103 -0.125083 -0.123241 -0.076233 -0.094479 303.753783 530.759014
  103 -0.128650 -0.143551 -0.074115 -0.106838 303.643063 528.773231
  103 -0.128596 -0.164424 -0.069909 -0.119521 303.879925 526.733434
  103 0.429063 0.778203 0.103333 0.234369 294.265000 507.092500
  103 0.780469 1.472812 0.800721 1.532252 255.560000 435.060000
  103 1.084609 2.065156 0.556317 1.277253 261.460593 458.817565
  103 1.024736 2.140196 0.538475 1.330584 256.638466 466.579959
  103 0.979327 2.223964 0.530080 1.386904 253.266360 475.066848
  103 0.949342 2.314688 0.443624 1.295378 246.549007 475.793483
  103 -0.122760 0.050798 -0.122374 0.015964 256.521749 551.824016
  103 -0.167501 0.039243 -0.115354 -0.028615 254.047918 548.610328
  103 -0.183784 -0.005194 -0.138720 -0.345807 251.708973 528.162283
  103 0.859376 2.280679 0.250810 0.966185 230.090028 455.346739
  103 0.647188 1.978203 0.343811 1.135943 221.671535 445.409854
  103 0.621743 1.974177 0.329956 1.141407 219.274083 445.455440
  103 0.597005 1.976903 0.317036 1.148305 216.973835 446.012700
  103 0.573432 1.984247 0.306017 1.159511 214.853624 447.104674
  103 0.552090 1.997637 0.290151 1.182614 212.607152 449.243866
  103 0.527660 2.024367 0.281728 1.202134 210.576172 452.037907
  103 0.508141 2.054659 0.274484 1.222175 208.924879 455.088886
  103 0.492099 2.087184 0.271402 1.244146 207.727179 458.389902
  103 0.481406 2.122500 0.184477 1.284485 202.218492 462.888904
  103 0.400680 2.175139 0.076107 1.200961 191.037414 461.622251
  103 0.266339 2.129028 0.072201 1.249389 182.222834 461.358900
  103 0.195781 2.147969 0.063423 1.020991 177.220000 449.895000
  103 -0.161484 0.022266 -0.057617 -0.018954 167.207269 506.933028
  103 -0.130707 -0.005304 -0.048175 -0.041041 169.701084 503.942772
  103 -0.107130 -0.038242 -0.040598 -0.063631 171.630521 500.580970
  103 -0.088771 -0.074301 -0.039384 -0.088854 172.872856 496.873310
  103 -0.078539 -0.114204 -0.013111 -0.170439 174.985877 489.791611
  103 0.152891 1.959375 0.029759 0.893444 172.606616 430.746135
  103 0.102252 1.754471 0.026089 0.906161 169.162058 418.338068
  103 0.073750 1.663047 0.001294 0.960899 165.961805 415.524910
  103 0.037997 1.664803 -0.017808 0.969194 162.613465 416.097683
  103 0.003556 1.672875 -0.036264 0.978654 159.384899 417.139271
  103 -0.029670 1.685114 -0.052751 0.992645 156.343444 418.699105
  103 -0.060580 1.703367 -0.097512 1.020118 151.880972 421.391999
  103 -0.114851 1.736317 -0.123550 1.046466 146.962529 424.963124
  103 -0.164566 1.775640 -0.146376 1.076027 142.513882 429.120495
  103 -0.209219 1.820937 -0.128927 0.991060 140.624531 427.303828
  103 -0.056493 -0.071804 0.058171 -0.212028 133.082008 465.944672
  103 -0.216414 1.769904 -0.085491 0.659335 142.574766 405.626914
  103 -0.182344 1.456719 -0.162378 0.856341 140.488018 396.516953
  103 -0.231984 1.470968 -0.195495 0.736186 135.473071 390.760273
  103 -0.071838 0.398506 -0.370671 1.814081 145.195391 330.937109
  103 -0.357361 1.772401 -0.326705 0.972478 129.362109 372.157461
  103 -0.005888 -0.084603 0.025287 -0.118337 112.256595 414.147700
  103 -0.461995 1.729521 -0.244483 0.830084 127.228828 361.510312
  103 -0.315469 0.032969 -0.143430 0.009223 85.509626 410.201873
  103 -0.282115 0.024482 -0.127868 -0.003636 88.507948 408.945078
  103 -0.251943 0.009088 -0.113585 -0.017804 91.231691 407.173535
  103 -0.224471 -0.010895 -0.102624 -0.036033 93.598254 404.882899
  103 -0.201229 -0.036695 -0.031832 -0.098280 99.014643 399.776998
  103 -0.443010 1.584600 -0.403285 0.794206 119.630312 350.244039
  103 -0.571229 1.481025 -0.292853 0.745614 117.553320 340.918426
  103 -0.539573 1.387100 -0.403291 0.760352 113.450000 335.725156
  103 -0.619515 1.352917 -0.503030 0.766505 102.798164 333.878984
  103 -0.745979 1.341162 -0.434034 0.726057 98.533791 330.881812
  103 -0.749378 1.300209 -0.446528 0.705346 97.622817 327.111322
  103 -0.761912 1.261772 -0.460172 0.685654 96.063369 323.558441
  103 -0.050957 0.082994 -0.928853 1.461015 122.075180 280.525941
  103 -0.830968 1.308471 -0.509291 0.717303 95.440168 317.680470
  103 -0.857134 1.276272 -0.501091 0.636492 94.220576 311.134707
  103 -0.863107 1.190094 -0.526500 0.646060 92.428140 306.150328
  103 -0.888128 1.155302 -0.546913 0.632774 89.693917 303.186296
  103 -0.918340 1.126385 -0.567814 0.621078 86.600328 300.686492
  103 -0.037396 -0.017862 0.040146 -0.027895 54.921449 332.465011
  103 -0.951571 1.101784 -0.530069 0.597069 86.568389 297.779516
  103 -0.935455 1.068663 -0.492439 0.556491 89.688312 293.407669
  103 -0.894764 1.016913 -0.499074 0.554738 91.924252 289.998402
  103 -0.880173 0.989518 -0.497149 0.537314 92.964929 287.278117
  103 -0.871208 0.960711 -0.496485 0.520139 93.575542 284.481250
  103 -0.866149 0.931414 -0.500329 0.502756 93.685947 281.641456
  103 -0.866954 0.901691 -0.438493 0.433908 97.066365 275.918110
  103 -0.813732 0.827125 -0.469536 0.398505 98.749632 269.181048
  103 -0.814042 0.759141 -0.431226 0.382538 100.856040 263.943886
  103 -0.780975 0.711302 -0.420662 0.349989 103.558651 259.075765
  103 -0.755280 0.659157 -0.414773 0.315819 105.529919 253.842045
  103 -0.737326 0.603453 -0.678001 0.262723 92.069799 247.330150
  103 -0.123170 -0.118287 -0.073519 -0.087977 42.477530 249.458225
  103 -0.125340 -0.135436 -0.018310 -0.196541 45.402754 242.335395
  103 -0.078548 -0.238155 0.421097 -0.146977 72.784502 238.512142
  103 -0.956618 0.529557 -0.175756 0.021039 105.909805 229.187298
  103 -0.630722 0.283023 -0.301095 0.055843 119.810782 215.340740
  103 -0.106346 0.040844 -0.726071 0.242576 143.396940 204.977005
  103 -0.682813 0.230781 -0.464365 -0.000078 121.027756 203.665651
  103 -0.744098 0.115323 -0.429185 0.053174 119.058007 199.231781
  103 -0.744232 0.103773 -0.423478 0.048718 119.366109 198.245299
  103 -0.739351 0.094134 -0.414879 0.045364 120.155772 197.442286
  103 -2.140312 0.258750 -2.075225 0.248829 212.305000 186.150000
  103 -2.869766 0.345156 -1.674262 0.153058 187.873477 186.364727
  103 -2.886782 0.305308 -1.804912 -0.016916 179.533345 174.380903
  103 -3.008588 0.137985 -1.730790 0.051107 175.851500 167.447492
  103 -3.005214 0.113312 -1.724369 0.038746 176.423851 165.182356
  103 -2.997958 0.090256 -1.715710 0.027316 177.368807 163.072421
  103 -2.986821 0.068816 -1.704812 0.016819 178.686370 161.117686
  103 -0.017807 -0.061337 0.080188 0.005037 87.380078 158.405130
  103 0.060635 -0.026300 0.276127 0.003983 103.274949 160.588957
  103 -2.971803 0.048993 -1.402384 0.017067 196.432319 159.862784
  103 -2.702031 0.039297 -1.550541 -0.150135 205.475000 149.962500
  103 -2.695625 -0.110547 -1.300991 -0.203198 219.735000 137.427500
  103 0.046484 -0.133594 0.132858 -0.032158 157.878635 115.815212
  103 -2.476016 -0.231484 -1.267953 -0.242654 235.623635 127.497712
  103 -2.337560 -0.326169 -1.306718 -0.199455 242.333282 123.835463
  103 -2.301950 -0.336049 -1.304011 -0.227503 244.762607 121.646428
  103 -0.018574 -0.022702 0.297579 0.259703 185.524375 86.936469
  103 -0.012269 -0.025862 0.279795 0.231702 186.511350 88.490525
  103 -0.007955 -0.027480 0.268135 0.200946 187.158506 90.197471
  103 -0.000719 -0.029257 0.263134 0.168233 187.436076 92.013047
  103 0.003814 -0.191183 0.264918 0.041133 187.337046 99.067132
  103 -2.281797 -0.365313 -1.048514 -0.279730 260.232500 116.875000
  103 0.038750 -0.202187 0.205621 -0.021282 215.931989 87.228822
  103 -2.050156 -0.425234 -0.954108 -0.383039 280.296989 107.306322
  103 -1.852469 -0.544784 -1.037862 -0.334363 288.300627 102.356666
  103 -1.826256 -0.562348 -1.030592 -0.352225 290.381762 100.241247
  103 -1.806845 -0.586619 -1.024822 -0.370533 291.944351 97.671805
  103 -1.792135 -0.614631 -1.022239 -0.391185 293.029131 94.732873
  103 -0.002267 -0.039282 0.123568 0.029984 243.613102 67.608173
  103 0.004729 -0.035656 0.124987 -0.013224 243.534322 70.006204
  103 0.110752 -0.029296 0.083691 -0.001187 248.027845 71.081322
  103 0.127952 -0.015677 0.088545 0.010353 249.398046 72.593402
  103 0.140761 0.001140 0.090869 0.023738 250.346798 74.412536
  103 -1.782540 -0.646546 -0.855743 -0.348388 302.883721 95.065532
  103 0.083765 -0.046655 0.119520 0.079300 267.384283 77.145260
  103 -1.633359 -0.625391 -0.754250 -0.295137 318.064109 99.374922
  103 -1.470756 -0.568634 -0.825927 -0.322465 324.492685 101.490595
  103 -1.451611 -0.563955 -0.814179 -0.324964 326.369923 101.651357
  103 -1.431852 -0.563783 -0.802738 -0.331950 328.269522 101.274690
  103 -1.412050 -0.569754 -0.737422 -0.409635 333.161844 96.580989
  103 0.004913 -0.069208 0.148418 0.140186 307.922789 45.699656
  103 0.013961 -0.067789 0.159300 0.061197 307.318827 50.083554
  103 0.041791 -0.178286 0.191446 -0.080684 305.534766 57.957959
  103 0.186915 -0.159111 0.100798 -0.066297 309.791753 59.983643
  103 0.180868 -0.137048 0.105341 -0.052805 309.656930 62.144532
  103 0.181785 -0.114316 0.111495 -0.039774 310.057100 64.322593
  103 0.187579 -0.091649 0.122147 -0.027912 311.019168 66.431586
  103 0.199714 -0.070029 0.138261 0.022384 312.690097 70.606698
  103 0.219755 -0.015603 0.158948 0.049124 315.120875 75.574004
  103 0.247716 0.034798 0.183075 0.073033 318.249356 80.126654
  103 -1.345509 -0.640107 -0.449887 -0.275974 353.378727 99.496561
  103 -1.062891 -0.559375 -0.564656 -0.343895 365.096619 100.893810
  103 -1.021108 -0.577909 -0.467650 -0.505169 373.154559 90.756905
  103 0.029823 -0.024066 0.185068 0.005908 372.588733 55.572089
  103 0.032582 -0.019361 0.221049 -0.019131 370.591788 56.961772
  103 0.034231 -0.016019 0.259572 -0.039530 368.453771 58.093941
  103 0.278594 -0.053281 0.192335 0.068106 375.704599 63.089879
  103 0.306087 0.032420 0.171715 0.251668 376.319799 78.762439
  103 -0.916094 -0.727031 -0.180000 -0.148829 395.840000 100.990000
  103 0.049422 -0.047580 0.148619 0.127911 412.248680 87.924861
  103 0.055805 -0.039142 0.209291 0.077909 408.881415 90.699965
  103 0.061283 -0.030070 0.276801 0.038003 405.134594 92.914734
  103 0.270680 0.017921 0.129813 0.137025 410.378133 101.481850
  103 0.247912 0.127787 0.166339 0.173168 410.948185 110.519184
  103 -0.345937 -0.278516 -0.165198 -0.160271 433.151507 129.059944
  103 -0.316226 -0.278243 -0.149745 -0.170474 435.910679 128.511134
  103 -0.287970 -0.286955 -0.137160 -0.185232 438.417560 127.134518
  103 0.159647 -0.109095 0.090097 -0.049829 446.022977 107.106575
  103 -0.262928 -0.304108 0.030547 -0.288072 449.327977 120.329075
  103 0.164729 -0.032465 0.056803 0.154066 466.989922 111.778418
  103 0.142152 0.117869 -0.006905 0.242817 460.661551 126.261876
  103 0.039732 0.068068 0.014764 0.105274 463.640596 149.937295
