component unit0/component0 placements 20
  109 0.390625 -0.390625 0.161802 0.161802 80.447330 30.447330
  109 0.390625 0.390625 -0.161802 0.161802 139.552670 30.447330
  102 -0.781250 0.000000 -0.000000 -0.820313 110.000000 160.000000
  129 -0.000000 0.300481 0.300481 0.000000 90.769231 99.230769
  129 0.300481 0.000000 0.000000 -0.300481 129.230769 99.230769
  129 -0.000000 -0.300481 -0.300481 0.000000 129.230769 60.769231
  129 -0.300481 0.000000 0.000000 0.300481 90.769231 60.769231
  103 0.212472 -0.017159 0.367519 0.009894 116.799104 106.647311
  103 -0.017159 -0.212472 0.009894 -0.367519 136.647311 73.200896
  103 -0.212472 0.017159 -0.367519 -0.009894 103.200896 53.352689
  103 -0.000000 -0.781250 0.205438 -0.025258 71.401793 108.598207
  103 0.017159 0.212472 -0.009894 0.367519 83.352689 86.799104
  103 -0.781250 0.000000 -0.245013 -0.475708 96.401793 133.598207
  103 -0.000000 0.424944 -0.205438 -0.180180 71.401793 70.000000
  103 -0.603097 -0.412528 0.142294 -0.237854 129.299104 120.397311
  103 -0.178153 0.056222 0.347732 -0.418034 90.700896 33.200896
  103 0.000000 0.781250 -0.205438 -0.025258 148.598207 108.598207
  103 -0.424944 0.000000 0.000000 -0.385618 110.000000 31.401793
  103 -0.178153 0.368722 -0.102719 -0.277429 142.897311 68.200896
  103 -0.212472 -0.334403 0.327944 0.257642 141.799104 45.700896
component unit1/component0 placements 2
  102 0.625000 -0.000000 0.000000 0.656250 240.000000 60.000000
  101 0.625000 -0.000000 0.000000 1.093750 240.000000 130.000000
