component unit0/component0 placements 36
  103 -0.228882 0.034790 -0.112965 -0.062289 14.082031 33.769531
  103 0.027466 -0.060425 0.060177 -0.091850 12.910156 21.347656
  103 0.049438 -0.038452 0.098184 -0.053843 24.863281 10.800781
  103 0.071411 -0.016479 0.136191 -0.015836 42.441406 5.878906
  103 0.082397 0.005493 0.129856 0.022171 62.480469 6.582031
  103 0.060425 0.027466 0.091850 0.060177 78.652344 12.910156
  103 0.038452 0.049438 0.053843 0.098184 89.199219 24.863281
  103 0.016479 0.071411 0.015836 0.136191 94.121094 42.441406
  103 -0.005493 0.082397 -0.022171 0.129856 93.417969 62.480469
  103 -0.027466 0.060425 -0.060177 0.091850 87.089844 78.652344
  103 -0.049438 0.038452 -0.098184 0.053843 75.136719 89.199219
  103 -0.071411 0.016479 -0.136191 0.015836 57.558594 94.121094
  103 -0.082397 -0.005493 -0.129856 -0.022171 37.519531 93.417969
  103 -0.060425 -0.027466 -0.091850 -0.060177 21.347656 87.089844
  103 -0.038452 -0.049438 -0.053843 -0.098184 10.800781 75.136719
  103 -0.016479 -0.071411 -0.015836 -0.136191 5.878906 57.558594
  103 0.005493 -0.082397 0.267103 -0.087627 20.175781 39.863281
  103 -0.234375 0.000000 -0.380068 -0.042230 28.906250 32.656250
  103 0.065918 -0.109863 0.164696 -0.139358 21.171875 15.546875
  103 0.153809 -0.021973 0.266047 0.012669 54.921875 7.109375
  103 0.109863 0.065918 0.139358 0.164696 84.453125 21.171875
  103 0.021973 0.153809 -0.012669 0.266047 92.890625 54.921875
  103 -0.065918 0.109863 -0.164696 0.139358 78.828125 84.453125
  103 -0.153809 0.021973 -0.266047 -0.012669 45.078125 92.890625
  103 -0.109863 -0.065918 -0.139358 -0.164696 15.546875 78.828125
  103 -0.021973 -0.153809 0.257601 -0.223818 20.703125 47.421875
  103 -0.446777 -0.036621 -0.054899 -0.223818 33.359375 20.234375
  103 0.307617 0.000000 0.380068 0.202703 71.093750 19.062500
  103 0.000000 0.307617 -0.202703 0.380068 80.937500 71.093750
  103 -0.307617 0.000000 -0.380068 -0.202703 28.906250 80.937500
  103 0.212402 -0.270996 0.122466 0.114020 28.203125 58.671875
  103 -0.270996 -0.212402 0.401182 0.080236 69.921875 25.859375
  103 -0.483398 -0.175781 -0.033784 -0.143581 36.875000 72.968750
  103 0.000000 -0.234375 0.244932 -0.177365 78.593750 40.156250
  103 -0.270996 -0.212402 0.114020 -0.122466 58.671875 71.796875
  103 0.212402 -0.270996 -0.080236 0.401182 74.140625 69.921875
