component unit0/component0 placements 1
  101 0.468750 0.000000 0.000000 0.468750 35.000000 35.000000
component unit1/component0 placements 5
  130 -0.000000 0.234375 -0.234375 0.000000 124.625000 64.625000
  130 -0.234375 -0.000000 -0.000000 -0.234375 95.375000 64.625000
  130 0.000000 -0.234375 0.234375 -0.000000 95.375000 35.375000
  130 0.234375 0.000000 0.000000 0.234375 124.625000 35.375000
  101 0.234375 0.234375 -0.234375 0.234375 110.000000 50.000000
component unit2/component0 placements 3
  103 0.000000 -0.546875 0.270270 -0.236486 165.000000 41.875000
  103 0.234375 -0.478516 0.225225 -0.039414 177.500000 57.187500
  103 -0.078125 0.205078 -0.315315 0.197072 167.500000 79.062500
