component unit0/component0 placements 56
  103 0.026929 0.156107 -0.020509 0.090007 179.138270 95.004587
  103 -0.004321 0.156107 -0.015485 -0.086086 177.417140 85.231398
  103 -0.015589 0.003401 -0.061484 -0.149726 174.143070 71.926210
  103 0.013356 -0.152177 0.043737 -0.087742 179.572606 104.869653
  103 0.044606 -0.152177 -0.005335 0.092273 178.849146 114.860478
  103 0.045382 -0.131148 0.046551 -0.071085 175.969517 123.926866
  103 0.063059 -0.127218 -0.019522 0.081837 173.433826 132.665556
  103 0.066996 -0.110920 0.055465 -0.055468 169.272063 140.285983
  103 0.081596 -0.103561 -0.033661 0.070650 165.260035 147.756511
  103 0.088730 -0.090242 0.064545 -0.041093 159.809604 153.958226
  103 0.100338 -0.080756 -0.047682 0.058972 154.323922 160.118926
  103 0.110665 -0.068097 0.073977 -0.026853 147.571845 164.882212
  103 0.119485 -0.057335 -0.061469 0.047649 140.619044 169.705835
  103 0.131541 -0.045524 0.083266 -0.011656 132.586242 172.997302
  103 0.137978 -0.032870 -0.075633 0.036928 124.179298 176.503567
  103 0.152706 -0.011268 0.091968 0.011479 114.877420 177.915975
  103 0.156107 0.004321 -0.090007 0.033545 104.995413 180.138270
  103 0.152177 0.013356 0.087742 0.043737 95.130347 179.572606
  103 0.152177 0.044606 -0.092273 -0.005335 85.139522 178.849146
  103 0.131148 0.045382 0.071085 0.046551 76.073134 175.969517
  103 0.127218 0.063059 -0.081837 -0.019522 67.334444 173.433826
  103 0.110920 0.066996 0.055468 0.055465 59.714017 169.272063
  103 0.103561 0.081596 -0.070650 -0.033661 52.243489 165.260035
  103 0.090242 0.088730 0.041093 0.064545 46.041774 159.809604
  103 0.080756 0.100338 -0.058972 -0.047682 39.881074 154.323922
  103 0.068097 0.110665 0.026853 0.073977 35.117788 147.571845
  103 0.057335 0.119485 -0.047649 -0.061469 30.294165 140.619044
  103 0.045524 0.131541 0.011656 0.083266 27.002698 132.586242
  103 0.032870 0.137978 -0.036928 -0.075633 23.496433 124.179298
  103 0.011268 0.152706 -0.011479 0.091968 22.084025 114.877420
  103 -0.004321 0.156107 -0.033545 -0.090007 19.861730 104.995413
  103 -0.013356 0.152177 -0.043737 0.087742 20.427394 95.130347
  103 -0.044606 0.152177 0.005335 -0.092273 21.150854 85.139522
  103 -0.045382 0.131148 -0.046551 0.071085 24.030483 76.073134
  103 -0.063059 0.127218 0.019522 -0.081837 26.566174 67.334444
  103 -0.066996 0.110920 -0.055465 0.055468 30.727937 59.714017
  103 -0.081596 0.103561 0.033661 -0.070650 34.739965 52.243489
  103 -0.088730 0.090242 -0.064545 0.041093 40.190396 46.041774
  103 -0.100338 0.080756 0.047682 -0.058972 45.676078 39.881074
  103 -0.110665 0.068097 -0.073977 0.026853 52.428155 35.117788
  103 -0.119485 0.057335 0.061469 -0.047649 59.380956 30.294165
  103 -0.131541 0.045524 -0.083266 0.011656 67.413758 27.002698
  103 -0.137978 0.032870 0.075633 -0.036928 75.820702 23.496433
  103 -0.152706 0.011268 -0.091968 -0.011479 85.122580 22.084025
  103 -0.156107 -0.004321 0.090007 -0.033545 95.004587 19.861730
  103 -0.152177 -0.013356 -0.087742 -0.043737 104.869653 20.427394
  103 -0.152177 -0.044606 0.092273 0.005335 114.860478 21.150854
  103 -0.131148 -0.045382 -0.071085 -0.046551 123.926866 24.030483
  103 -0.127218 -0.063059 0.081837 0.019522 132.665556 26.566174
  103 -0.110920 -0.066996 -0.055468 -0.055465 140.285983 30.727937
  103 -0.103561 -0.081596 0.070650 0.033661 147.756511 34.739965
  103 -0.090242 -0.088730 -0.041093 -0.064545 153.958226 40.190396
  103 -0.080756 -0.100338 0.058972 0.047682 160.118926 45.676078
  103 -0.068097 -0.110665 -0.026853 -0.073977 164.882212 52.428155
  103 -0.057335 -0.119485 0.047649 0.061469 169.705835 59.380956
  103 0.012653 -0.006437 0.063176 0.151476 175.046814 71.611405
