component unit0/component0 placements 52
  102 -0.486136 -0.201364 -0.048521 0.090935 68.887302 175.112698
  102 -0.201364 -0.486136 -0.090935 0.048521 24.887302 131.112698
  102 0.201364 -0.486136 -0.090935 -0.048521 24.887302 68.887302
  102 0.486136 -0.201364 -0.048521 -0.090935 68.887302 24.887302
  102 0.486136 0.201364 0.048521 -0.090935 131.112698 24.887302
  102 0.201364 0.486136 0.090935 -0.048521 175.112698 68.887302
  102 -0.201364 0.486136 0.090935 0.048521 175.112698 131.112698
  102 -0.486136 0.201364 0.048521 0.090935 131.112698 175.112698
  103 0.125000 0.000000 0.073052 0.108009 24.054362 105.994479
  103 -0.001381 0.093580 -0.144940 0.053956 20.044193 97.005438
  103 -0.201364 -0.486136 0.029022 -0.172286 26.498013 121.550828
  103 -0.020075 0.087202 -0.157312 0.158191 20.730790 91.220403
  103 -0.075515 -0.392472 -0.020368 -0.125639 31.811243 130.134210
  103 -0.033389 0.080606 -0.188138 0.254945 22.441642 85.850528
  103 -0.055420 -0.305189 0.007139 -0.083203 34.623945 138.075535
  103 -0.046151 0.074008 -0.233999 0.344093 24.986918 80.902865
  103 -0.021519 -0.224747 0.040812 -0.044241 38.662443 145.386181
  103 -0.225996 0.335397 0.101900 -0.367207 32.119175 58.154604
  103 0.024632 -0.150739 0.159253 0.059006 48.189590 155.852945
  103 -0.126107 0.126107 -0.101115 -0.101115 43.386478 43.386478
  103 -0.486136 -0.201364 -0.106839 -0.144008 62.957716 167.120248
  103 -0.074008 0.046151 -0.216497 -0.001795 49.790167 37.874220
  103 -0.335718 -0.225564 -0.107854 -0.077334 72.528158 169.271861
  103 -0.080606 0.033389 -0.305644 0.044066 54.737830 35.328944
  103 -0.261389 -0.179845 -0.057759 -0.065192 80.065494 172.871760
  103 -0.087119 0.020607 -0.402350 0.075199 60.105028 33.601081
  103 -0.180782 -0.146456 -0.003677 -0.061293 88.225841 175.225017
  103 -0.392472 0.075515 0.334299 -0.188664 81.446411 22.470832
  103 -0.093580 -0.126381 0.053956 -0.071276 97.005438 175.955807
  103 -0.093664 0.000849 0.054004 -0.144634 97.002760 20.027181
  103 0.000000 -0.125000 0.108009 -0.073052 105.994479 175.945638
  103 -0.093580 -0.001381 -0.053956 -0.144940 102.994562 20.044193
  103 -0.486136 0.201364 -0.172286 -0.029022 121.550828 173.501987
  103 -0.087202 -0.020075 -0.158191 -0.157312 108.779597 20.730790
  103 -0.392472 0.075515 -0.125829 0.019777 130.123658 168.155972
  103 -0.080606 -0.033389 -0.254945 -0.188138 114.149472 22.441642
  103 -0.305354 0.054908 -0.083108 -0.006844 138.070259 165.359663
  103 -0.074329 -0.045719 -0.344278 -0.233749 119.107405 24.973095
  103 -0.224747 0.021519 -0.044241 -0.040812 145.386181 161.337557
  103 -0.335718 -0.225564 0.367022 0.102149 141.855666 32.105352
  103 -0.150739 -0.024632 0.058508 -0.159623 155.825299 151.789870
  103 -0.125786 -0.126539 0.100930 -0.100866 156.623792 43.372655
  103 -0.201364 0.486136 -0.144506 0.106469 167.092601 137.021744
  103 -0.046151 -0.074008 0.001795 -0.216497 162.125780 49.790167
  103 -0.225996 0.335397 -0.077085 0.108039 169.258038 127.461572
  103 -0.033901 -0.080441 -0.044361 -0.305549 164.687449 54.732553
  103 -0.179845 0.261389 -0.065192 0.057759 172.871760 119.934506
  103 -0.020095 -0.087283 -0.075494 -0.402255 166.415312 60.099751
  103 -0.146456 0.180782 -0.061293 0.003677 175.225017 111.774159
  103 -0.075515 -0.392472 0.188664 0.334299 177.529168 81.446411
  103 -0.126381 0.093580 -0.071276 -0.053956 175.955807 102.994562
  103 -0.000849 -0.093664 0.144634 0.054004 179.972819 97.002760
