component unit0/component0 placements 1483
  103 -0.026557 0.064182 -0.037790 0.043818 473.457471 180.129344
  103 0.004637 -0.028516 0.013877 -0.047045 472.427012 178.125232
  103 -0.053765 0.043396 -0.082467 0.028849 404.466357 192.082065
  103 -0.089944 0.015771 0.026334 -0.016417 391.158385 200.133209
  103 0.033158 -0.019276 0.061786 -0.029465 406.519090 188.555430
  103 0.040843 -0.012550 0.075077 -0.017831 416.728927 185.127290
  103 -0.021215 -0.015736 0.038269 -0.001763 428.634418 149.832601
  103 -0.017133 0.006068 -0.029788 0.005563 471.328340 153.253471
  103 -0.017398 -0.002488 -0.030247 -0.009237 466.882884 152.890338
  103 -0.049470 -0.079467 -0.072937 -0.137756 443.935040 129.932425
  103 0.014573 0.066843 -0.001242 0.072344 437.776584 136.762643
  103 -0.013230 0.026320 -0.028497 0.042073 435.279322 144.797303
  103 -0.043794 -0.006339 -0.045169 -0.025825 425.448666 147.895748
  103 -0.013331 -0.022716 -0.016833 -0.043689 421.154370 142.583881
  103 0.020129 0.006686 0.019906 0.031857 422.613236 142.355117
  103 -0.004646 0.082080 -0.025891 0.039615 421.657096 137.960525
  103 -0.002615 -0.027096 0.001607 -0.047523 420.141945 135.787506
  103 0.039816 0.008875 -0.067383 0.053570 404.812471 179.299001
  103 -0.025787 0.008275 -0.044785 0.009504 385.753247 189.345439
  103 -0.026100 -0.000067 -0.045327 -0.004926 379.081603 189.595196
  103 -0.030392 -0.028149 -0.023702 -0.077142 373.305413 183.238836
  103 0.007192 0.012968 -0.069312 0.163692 355.394337 202.088970
  103 -0.075784 -0.001709 -0.055096 -0.013529 343.639491 210.313651
  103 -0.004519 -0.020358 -0.000947 -0.034891 356.613871 190.662671
  103 0.007396 -0.019798 0.053002 -0.075847 359.976280 183.249588
  103 -0.041775 -0.002161 -0.070213 -0.010331 356.347491 178.328381
  103 -0.038226 -0.013595 -0.064073 -0.030107 346.448159 175.214030
  103 -0.025643 -0.058431 0.004718 -0.049512 364.152326 170.129820
  103 0.042792 -0.002292 0.016120 0.022012 373.141851 177.637092
  103 0.091523 -0.026567 0.032944 0.010048 390.086596 186.457397
  103 -0.006086 -0.016242 -0.006178 -0.028496 403.451806 174.602436
  103 0.001458 -0.016939 0.006873 -0.029702 403.583722 170.288397
  103 -0.005600 0.026194 -0.015620 0.042648 401.472436 147.527104
  103 -0.002060 0.027145 -0.020691 0.031473 363.397644 167.391416
  103 -0.096604 0.000204 -0.086647 -0.026058 353.287418 155.674475
  103 -0.046226 0.009437 -0.080541 0.010195 320.030497 150.461666
  103 -0.047237 -0.001191 -0.055687 -0.004035 309.446668 150.727344
  103 -0.022895 -0.006894 -0.037551 -0.016528 302.806706 149.144875
  103 0.009181 0.037309 0.010611 0.065006 280.016869 170.934556
  103 0.000042 0.038127 -0.005197 0.066420 280.320052 180.668828
  103 0.150884 0.140630 0.070148 0.095346 293.581441 198.647136
  103 -0.000159 0.035822 -0.007223 0.060639 307.649984 227.476299
  103 -0.012211 0.033526 -0.028070 0.056666 304.909726 236.132396
  103 0.018797 0.009435 0.028364 0.020333 306.129044 241.009717
  103 0.011601 0.016395 0.015917 0.032371 309.329123 244.984017
  103 0.030961 0.016381 0.016593 0.018592 324.825767 281.249651
  103 0.010603 0.030310 0.013050 0.051652 316.099905 280.776349
  103 0.001427 0.028962 -0.002822 0.049320 316.758920 288.233872
  103 -0.007749 0.027614 -0.053651 -0.206700 313.128748 281.266583
  103 -0.064008 -0.001768 -0.108809 -0.011754 300.015683 269.029202
  103 -0.060698 -0.016848 -0.103083 -0.037838 284.371032 265.198567
  103 -0.083816 -0.027893 -0.154699 -0.102251 246.186598 243.682212
  103 -0.083462 -0.018955 -0.042064 -0.030984 229.924689 235.074553
  103 0.018365 0.021440 0.006781 0.020774 229.290365 299.670600
  103 -0.015825 -0.020702 -0.021972 -0.038000 225.752676 297.407873
  103 -0.006458 -0.024502 -0.005769 -0.044573 223.799779 291.256892
  103 0.003447 -0.050708 0.012225 -0.086684 224.378739 280.726804
  103 -0.063920 -0.179544 -0.074021 -0.320424 218.689580 240.378722
  103 -0.022947 -0.001786 -0.012188 -0.038214 212.436329 220.360017
  103 -0.034624 0.144331 -0.116891 0.273246 135.885291 241.961427
  103 -0.168560 0.129194 -0.136515 0.091769 111.033445 270.488212
  103 -0.035638 0.009076 -0.063415 0.008888 97.656511 276.655567
  103 -0.007160 0.005003 -0.042083 -0.020216 91.803265 278.091991
  103 -0.039847 -0.004340 -0.029695 -0.008833 80.524653 274.652287
  103 -0.038908 -0.045360 -0.061357 -0.082518 57.923213 258.597326
  103 0.018623 0.038557 0.026683 0.068372 24.290291 296.742705
  103 0.009033 0.041468 0.010096 0.073408 26.909709 307.265440
  103 -0.000782 0.201261 -0.004599 0.124291 27.164754 331.118424
  103 -0.020014 -0.028519 0.017949 -0.050487 20.486995 288.967399
  103 0.007375 -0.040564 0.048032 -0.092038 28.870731 269.304560
  103 0.042768 -0.054889 0.079514 -0.089588 38.686691 255.711466
  103 0.054052 0.012264 0.090621 0.028091 73.559508 266.089501
  103 0.049065 0.024193 0.081994 0.048724 86.279803 271.901072
  103 -0.025433 -0.025625 -0.039905 -0.047107 138.086818 214.272862
  103 -0.018345 -0.030452 -0.027646 -0.055457 133.163625 206.631636
  103 -0.061966 -0.006293 -0.018241 -0.015196 126.651099 202.307648
  103 0.018517 -0.004411 0.035895 -0.001148 128.816004 201.118278
  103 -0.075445 0.040832 0.016893 -0.029042 48.865761 246.514233
  103 -0.031959 -0.104560 0.004060 -0.059025 47.983310 234.934667
  103 0.084073 -0.099189 0.151128 -0.165568 65.499684 227.499810
  103 0.093966 -0.088780 0.090943 -0.072299 84.948464 208.616271
  103 0.033207 -0.014684 0.058969 -0.021221 95.393834 202.486133
  103 0.035859 -0.007438 0.046034 -0.005112 103.516495 200.548622
  103 0.020087 0.004228 0.032552 0.013013 109.163595 201.257677
  103 0.039105 -0.037762 0.071583 -0.059887 119.529835 198.045921
  103 0.097356 0.012934 0.165631 0.033134 148.801987 203.777886
  103 -0.042082 -0.013546 -0.028424 -0.039070 166.651622 169.703571
  103 -0.065981 0.013318 0.014934 -0.025005 128.554331 192.482136
  103 0.019559 -0.105555 0.060670 -0.147376 134.002097 176.159522
  103 0.021209 0.048713 0.031036 0.086764 132.336204 154.749416
  103 0.056275 0.067434 0.007453 0.054386 138.073980 166.899043
  103 0.107721 -0.161940 0.178264 -0.210737 148.670170 168.482668
  103 -0.025925 -0.020614 0.043341 0.010317 159.309995 156.040084
  103 0.016607 0.022030 0.024960 0.039952 164.163496 160.239909
  103 0.010076 0.025231 0.013662 0.045489 166.951847 166.596619
  103 0.039735 0.016816 0.065703 0.034328 173.899705 172.102620
  103 0.034484 0.025906 0.058683 0.053743 183.010122 178.648550
  103 0.028783 0.037007 0.044178 0.067880 190.561031 187.767069
  103 0.059242 0.017200 0.061666 0.028720 202.665775 199.824841
  103 0.019700 0.020382 0.029283 0.039957 208.974236 204.940911
  103 0.015928 -0.029326 0.012646 0.019737 216.200286 219.300450
  103 0.028107 0.006160 0.045893 0.016519 221.248110 221.706907
  103 0.023381 0.016329 0.026717 0.026093 226.774373 225.116919
  103 0.007708 0.015833 0.008984 0.028967 229.249085 229.186045
  103 0.077656 0.024901 0.409005 0.236903 257.438795 247.912936
  103 -0.018627 -0.000047 0.014204 -0.036900 301.454619 239.141546
  103 -0.086904 -0.087366 -0.057203 -0.072934 297.279971 213.590701
  103 -0.000648 -0.018974 0.005227 -0.032140 294.353789 206.544773
  103 0.101632 0.083771 0.023068 0.037364 230.515839 211.361599
  103 -0.029263 -0.014811 -0.048830 -0.031762 227.213189 210.724614
  103 0.031137 -0.019397 0.056856 -0.027057 215.304249 186.311371
  103 -0.043264 -0.010076 -0.051997 -0.014017 170.304286 153.786834
  103 -0.050547 -0.019254 -0.062605 -0.027525 155.005782 153.852795
  103 -0.001726 0.004851 -0.197274 0.000527 154.441748 150.403822
  103 0.020923 0.000719 0.115794 0.289484 84.744164 131.509052
  103 0.007555 -0.010867 -0.045691 0.078139 91.877028 168.941786
  103 -0.048706 0.069344 -0.090367 0.115507 81.208651 184.127133
  103 -0.017739 0.052475 -0.032715 0.028994 47.528265 229.909536
  103 0.019449 -0.052773 0.040586 -0.088161 49.209789 223.248342
  103 0.026163 0.103909 -0.012769 0.104283 35.331477 245.230957
  103 -0.108041 0.141149 -0.090061 0.083854 22.709822 264.706089
  103 -0.021795 -0.002601 -0.035066 -0.009969 14.370340 268.640256
  103 -0.017227 -0.012087 0.016181 -0.018696 12.219664 266.275759
  103 0.024953 -0.004649 0.045821 -0.001675 17.257749 264.847642
  103 -0.004778 -0.073158 0.000843 -0.129025 32.759772 237.100062
  103 0.011019 -0.077462 0.042473 -0.097597 35.869009 219.565012
  103 0.036842 -0.040815 0.070092 -0.064731 44.474276 207.943632
  103 -0.053780 -0.202125 -0.004672 -0.113743 50.860721 165.634475
  103 0.051105 0.200125 0.027164 0.240627 55.379756 185.484548
  103 -0.010469 -0.037506 -0.011556 -0.065989 88.295481 161.845669
  103 0.000895 -0.039438 0.008100 -0.069332 88.160939 151.811277
  103 -0.021172 -0.006794 -0.032325 -0.016883 74.642381 116.422717
  103 -0.013719 -0.015695 -0.019433 -0.032280 70.891742 112.689725
  103 0.019400 0.028328 0.027410 0.051890 65.392325 104.213176
  103 0.008738 0.033340 0.008615 0.165115 67.950941 118.390679
  103 -0.037112 0.087836 -0.074934 0.146041 61.895027 141.281336
  103 -0.055740 0.077618 -0.058475 0.041955 50.923435 156.682682
  103 -0.132785 -0.022118 0.034762 -0.024842 54.931572 99.186489
  103 0.174878 -0.032119 0.141697 -0.016205 79.504048 94.395404
  103 0.034019 0.006230 0.057208 0.015648 92.720511 94.763192
  103 0.031182 0.014678 0.052299 0.030260 100.793802 98.250483
  103 -0.021296 0.005166 -0.073076 -0.115799 87.021566 78.545830
  103 -0.069142 -0.059282 -0.020558 -0.033349 77.399743 66.474109
  103 0.015734 0.004158 0.026050 0.011154 78.711504 65.508426
  103 0.013714 0.011030 0.034991 0.036282 82.977037 68.847110
  103 0.020092 0.028187 0.030838 0.051339 87.916420 75.514074
  103 0.023728 0.001550 0.037966 0.009085 94.956196 83.148024
  103 0.018391 0.012658 0.028733 0.028300 99.834994 86.033007
  103 -0.009468 -0.019657 -0.011770 -0.034640 129.219783 136.118320
  103 -0.001476 -0.020766 0.002054 -0.036558 128.586081 130.837813
  103 -0.032874 -0.026746 -0.052456 -0.050497 123.684813 124.294535
  103 -0.025231 -0.034090 -0.035165 -0.049950 117.207026 116.537988
  103 -0.012755 -0.026601 -0.016154 -0.046392 113.542520 109.488516
  103 -0.002507 -0.027260 0.086507 0.126294 117.286663 112.178380
  103 0.075395 0.067697 0.034497 0.062470 128.827693 126.987341
  103 -0.052030 -0.162665 -0.000310 -0.054296 137.891628 103.174856
  103 0.020300 0.037171 0.028832 0.067668 140.773754 106.295957
  103 -0.035108 -0.105542 -0.013954 -0.067614 160.425312 120.762322
  103 0.036202 0.104562 0.020282 0.195075 164.693476 135.046509
  103 0.066235 -0.054557 0.118236 -0.089093 193.470387 145.860186
  103 0.039155 0.074370 0.042390 0.169397 218.567393 150.082723
  103 0.037911 0.145111 0.022060 0.134142 229.282380 149.673732
  103 -0.005198 0.043132 -0.015188 0.073870 229.331088 163.978843
  103 -0.129706 -0.105284 0.098500 0.053097 239.399687 142.626818
  103 0.089295 0.039080 0.150228 0.074035 258.918972 152.183738
  103 -0.032526 0.006695 -0.056519 0.005580 279.712849 154.035192
  103 -0.032974 -0.003713 -0.057294 -0.012423 271.285932 153.417753
  103 -0.150271 -0.098687 0.054562 0.024943 238.277282 140.642045
  103 -0.122451 -0.070974 -0.093912 -0.056836 228.256495 134.329677
  103 -0.106846 0.039016 0.022109 -0.029866 208.097712 136.760974
  103 -0.023284 -0.009556 -0.034506 -0.018111 205.919564 133.486656
  103 -0.013278 -0.012300 -0.017199 -0.022857 202.200159 130.425696
  103 0.028854 0.006194 0.047397 0.017361 205.722787 130.517048
  103 -0.017612 -0.001062 -0.067067 -0.131190 203.461856 95.565063
  103 -0.097258 -0.003170 -0.167275 -0.013674 184.231310 87.322273
  103 0.003555 -0.012782 0.008347 -0.015913 216.634659 108.254979
  103 0.007367 -0.002034 0.014941 0.002678 218.398629 107.390262
  103 -0.037734 -0.100538 0.048558 0.025886 223.286489 123.148032
  103 -0.017147 -0.031429 0.025462 0.004555 241.250979 125.025664
  103 0.010736 0.030537 0.014354 0.053526 244.147827 130.203513
  103 0.003423 0.031760 0.001703 0.055641 245.258026 138.294911
  103 0.061561 -0.036927 0.049727 0.000012 297.678087 145.352840
  103 0.022692 -0.011338 0.040823 -0.012713 335.120946 149.760970
  103 0.025418 0.000626 0.064577 0.025612 342.597354 150.516935
  103 -0.030357 -0.020452 -0.049023 -0.039000 353.136780 150.768228
  103 -0.024309 -0.026738 -0.038561 -0.049874 346.720067 144.124454
  103 -0.059236 0.021459 0.005333 -0.017319 342.981563 140.200751
  103 -0.031925 -0.011437 -0.045891 -0.032060 340.415619 134.793720
  103 -0.000053 0.047389 -0.007073 0.080601 295.259368 131.870448
  103 -0.012162 0.045014 -0.028019 0.076493 292.533396 143.470111
  103 0.042828 -0.007187 0.102679 0.045048 333.899157 129.214878
  103 0.040649 -0.006081 0.022428 0.019713 348.866950 135.283713
  103 0.015325 -0.009232 0.029016 -0.011734 352.702821 135.135687
  103 0.019675 -0.001887 0.036541 0.000972 357.600398 134.417618
  103 0.035968 0.005179 0.060275 0.015152 365.275626 135.643940
  103 0.032603 0.015920 0.059764 0.044092 374.024397 139.950838
  103 0.030105 0.034382 0.045824 0.064208 381.811280 148.161931
  103 -0.000819 -0.022461 0.084877 -0.014298 405.099949 141.469831
  103 -0.085463 0.034024 -0.150728 0.050744 381.907529 125.992500
  103 -0.090491 0.019960 -0.099059 0.018019 362.252899 131.086238
  103 -0.040178 -0.000171 -0.068944 -0.007002 350.357328 131.686757
  103 -0.039219 -0.011803 -0.193974 -0.118119 333.255371 123.987195
  103 -0.036764 0.002182 -0.062771 -0.003132 316.653126 117.397407
  103 -0.048892 0.031964 -0.112435 0.045450 299.276359 120.537935
  103 -0.140239 -0.063604 -0.036923 -0.032623 281.367745 102.206369
  103 0.036752 0.008496 0.062016 0.020442 285.112501 102.074069
  103 0.034056 0.018463 0.047098 0.031917 293.347893 106.161646
  103 0.019526 0.021622 0.028829 0.041061 298.811528 111.595709
  103 -0.023914 -0.018107 0.059462 0.007207 307.834245 113.918462
  103 -0.012300 -0.030162 -0.016765 -0.053063 334.962031 119.925938
  103 -0.004476 -0.031707 0.017704 -0.008852 334.727658 114.460429
  103 -0.000407 0.035827 -0.020519 0.011227 334.597436 112.299361
  103 -0.000564 -0.032479 0.052679 -0.178127 336.346171 100.957763
  103 -0.067487 0.064843 -0.123402 0.107197 328.101875 101.171085
  103 -0.019329 -0.022153 -0.028147 -0.042984 300.204385 108.556197
  103 -0.003439 0.034528 -0.010663 0.057735 268.409772 103.876947
  103 -0.011617 0.031079 -0.024809 0.051769 265.697611 111.943463
  103 -0.019794 0.027630 -0.041739 0.038994 260.737393 118.749140
  103 -0.028089 0.015411 -0.050651 0.021363 253.812077 123.085282
  103 -0.031670 0.006231 -0.056846 0.005484 245.819069 124.974095
  103 -0.030654 -0.019665 0.024208 -0.007445 242.045810 123.606724
  103 -0.026488 -0.002053 -0.043487 -0.009248 262.498588 98.000781
  103 -0.022447 -0.011933 -0.036497 -0.026337 256.622840 95.262122
  103 0.017774 0.011699 0.027271 0.026520 220.827671 117.497505
  103 0.012375 -0.037931 0.027445 -0.062639 226.160412 115.957961
  103 0.022850 -0.032777 0.231740 -0.180560 242.007584 100.362676
  103 -0.022425 -0.023983 -0.035222 -0.043857 265.862634 71.855179
  103 -0.016237 -0.028098 -0.024518 -0.050974 261.507860 64.793821
  103 -0.009580 0.015964 -0.019672 0.023996 258.442198 64.318257
  103 -0.014958 0.009690 -0.028975 0.013145 254.784972 66.999778
  103 -0.213509 -0.009293 -0.233347 -0.025394 175.661346 85.748728
  103 0.063805 -0.139536 0.046612 -0.079361 108.719420 18.658044
  103 0.021360 -0.019038 0.038858 -0.028354 115.977351 13.795396
  103 0.024675 -0.011099 0.044594 -0.014620 122.188172 10.699999
  103 0.244906 -0.025721 0.151503 -0.005883 176.694665 18.728965
  103 -0.006504 0.007203 -0.048931 -0.015339 182.281529 19.927265
  103 -0.066187 0.017819 -0.115360 0.023091 168.927366 21.497862
  103 -0.067703 0.004410 -0.134843 -0.017767 150.708129 22.075566
  103 -0.019452 0.026810 -0.005362 -0.021142 109.877333 21.013000
  103 0.026332 -0.007877 0.067611 0.058314 135.225601 63.621423
  103 -0.021854 -0.068600 0.009423 -0.020173 197.101305 80.454370
  103 0.015707 0.021872 0.023259 0.043676 199.920447 83.158585
  103 -0.002115 0.011136 -0.006970 0.013179 256.625426 19.642614
  103 -0.007859 0.000585 -0.016905 -0.005072 254.797435 20.129921
  103 0.000890 -0.017423 0.005259 -0.028039 254.208084 17.177125
  103 0.007342 -0.013784 0.016420 -0.021745 255.881190 13.531865
  103 0.067430 0.061540 0.025519 0.039399 262.524306 18.450217
  103 -0.011636 -0.003070 -0.020184 -0.012766 262.075695 19.731854
  103 -0.014610 -0.069696 -0.005548 -0.049699 267.716234 64.772082
  103 0.006810 0.005283 0.091476 0.276817 274.111984 77.335399
  103 0.017710 -0.024437 0.032663 -0.033955 315.487059 55.328683
  103 0.021229 -0.010017 -0.088798 0.151071 313.730169 61.187525
  103 -0.058082 0.036506 -0.146382 0.038080 288.495874 92.788948
  103 0.156711 0.071326 0.099992 0.068216 295.950785 103.253285
  103 -0.017739 -0.000957 -0.008987 -0.063154 333.396821 78.781150
  103 0.006777 -0.053269 0.018296 -0.090965 334.347183 66.818362
  103 -0.009105 -0.030896 0.002329 -0.023089 356.298321 57.190565
  103 0.006324 0.024246 0.006092 0.041793 358.624264 60.626009
  103 -0.002082 0.023993 -0.008449 0.041357 358.360202 66.776405
  103 -0.012541 0.017696 -0.024457 0.026300 355.731315 71.663879
  103 -0.017335 0.010223 -0.032748 0.013374 351.447038 74.520054
  103 0.216890 0.068898 0.152558 0.069532 370.498918 108.654993
  103 0.091824 -0.064851 0.037570 -0.010949 404.129213 113.045897
  103 -0.017518 0.020829 -0.035128 0.033604 403.143578 115.636297
  103 0.043132 0.048996 0.067731 0.089411 404.399534 127.727333
  103 0.017561 -0.025008 0.034622 -0.032644 428.773123 118.509889
  103 -0.065039 -0.125027 -0.007793 -0.065819 420.418418 101.318377
  103 0.030726 -0.036819 0.023793 -0.008017 438.282434 106.583801
  103 0.011514 0.005867 0.002737 0.034770 440.491739 108.444125
  103 0.101457 0.024228 0.054556 0.036458 450.164701 113.947868
  103 0.047227 0.024231 0.078096 0.046258 464.035026 126.308757
  103 0.040993 0.031766 0.067314 0.059292 474.728811 134.199837
  103 0.011803 0.018899 0.013835 0.032085 479.987896 140.480808
  103 0.000389 0.017849 -0.005907 0.030269 480.452797 145.083804
  103 -0.142429 -0.087777 -0.099716 -0.067973 459.339028 126.393831
  103 -0.011323 -0.016979 -0.015049 -0.031587 452.244854 119.781593
  103 0.007930 -0.013361 0.044991 0.176806 477.002076 158.584621
  103 -0.020012 -0.019450 -0.003543 -0.063380 479.675547 129.195702
  103 -0.159315 -0.009298 0.113265 -0.000647 472.755482 107.946856
  103 -0.009907 0.007592 -0.210834 -0.000337 467.974444 107.406368
  103 -0.073802 -0.002881 -0.127598 -0.011465 457.050169 100.825088
  103 -0.035403 0.001006 -0.053720 -0.000288 422.967380 97.681415
  103 -0.025762 -0.005436 -0.139351 -0.049944 410.603210 94.545615
  103 -0.078578 -0.061774 -0.047823 -0.044501 395.186066 85.350328
  103 0.012016 -0.003503 0.021207 -0.000615 403.525987 80.635702
  103 0.012748 0.005939 0.022473 0.015717 406.766046 81.853962
  103 -0.038572 -0.086027 0.012029 -0.025039 417.611713 88.112791
  103 -0.029935 -0.018173 -0.036032 -0.031253 425.846438 91.754359
  103 -0.023902 -0.010470 -0.048050 -0.030598 417.142299 85.694981
  103 -0.059329 -0.022417 -0.089401 -0.046006 407.748542 78.348343
  103 -0.027588 -0.009984 -0.088398 -0.044938 389.509540 69.899087
  103 -0.060595 -0.038960 -0.102196 -0.073135 375.053511 60.852656
  103 -0.067574 -0.228088 0.002610 -0.046008 386.880437 51.505609
  103 0.031221 0.078776 0.048434 0.141599 391.711475 61.852613
  103 -0.051545 -0.121368 -0.038079 -0.093008 406.400169 63.287220
  103 -0.003216 -0.017256 -0.000914 -0.026718 404.030227 55.537982
  103 0.004848 -0.011826 0.013036 -0.017326 405.013258 52.336659
  103 -0.112239 -0.125916 -0.091866 -0.122918 424.724342 65.359973
  103 -0.018296 -0.043941 -0.025594 -0.076359 417.034366 51.487858
  103 -0.007797 -0.044553 0.100898 0.189508 420.714751 54.916194
  103 0.096061 0.098363 0.068596 0.095805 436.269577 77.046300
  103 0.006717 0.034584 0.006156 0.060612 440.848245 87.940841
  103 0.213926 0.024926 0.149958 0.021997 462.850847 98.723152
  103 0.020237 0.010772 0.031729 0.023428 474.229611 101.933665
  103 0.012031 -0.010329 0.020180 -0.011010 479.743582 104.405281
  103 0.010937 0.001563 0.018288 0.009559 482.578565 104.424787
  103 -0.008124 -0.039144 -0.001299 -0.044813 480.203572 73.824037
  103 -0.057804 -0.050843 -0.007801 -0.024682 482.194496 67.551291
  103 0.020351 0.009344 0.033142 0.022303 484.903399 68.017257
  103 0.016778 0.019995 0.004195 0.023890 488.049368 71.860681
  103 -0.011786 0.000565 -0.023090 -0.002926 484.129586 74.504631
  103 0.002172 0.049784 -0.003165 0.085909 482.811390 82.296370
  103 0.017174 0.014221 0.024332 0.027409 483.826543 95.822805
  103 0.007853 0.019095 0.008210 0.035839 486.135176 100.555169
  103 -0.006104 0.023890 -0.015181 0.036764 485.357571 106.113603
  103 -0.014122 0.015982 -0.029049 0.023086 481.999003 110.458126
  103 0.019475 0.025098 0.028212 0.045816 484.175324 134.910682
  103 0.009979 0.029267 0.011786 0.053027 487.033913 142.269526
  103 -0.012724 0.106250 -0.020526 0.103108 485.734491 157.735027
  103 -0.015809 0.033183 -0.032387 0.053817 481.786051 168.568073
  103 0.017292 0.019071 0.024896 0.035399 482.477014 174.740107
  103 0.008596 0.023253 0.009854 0.042633 484.955809 180.559138
  103 0.019456 0.042314 0.028482 0.074456 478.551549 204.852301
  103 0.010486 0.044508 0.012965 0.078252 481.522968 216.176128
  103 -0.085566 0.256665 -0.035266 0.053347 474.809047 239.906420
  103 0.022560 -0.087540 0.050970 -0.157728 477.124457 228.510714
  103 0.048187 0.110729 0.027182 0.100658 385.523536 240.280661
  103 -0.004057 0.031101 -0.011094 0.052847 386.156802 250.790649
  103 -0.011127 0.029454 -0.002682 -0.140264 384.680142 247.824033
  103 -0.038723 -0.064686 -0.038874 -0.147743 379.895512 227.699771
  103 0.019843 -0.056077 0.079184 -0.095065 383.402672 210.634938
  103 -0.089303 0.068448 -0.055718 0.026858 362.562823 217.270923
  103 0.001102 -0.010780 0.007404 -0.018469 359.951865 217.046575
  103 0.010638 -0.010473 0.023899 -0.017939 362.369987 214.355639
  103 0.015860 0.027230 -0.015733 0.033369 338.330513 282.818894
  103 0.017017 0.012771 0.006882 0.016120 338.491606 301.979882
  103 -0.017729 -0.014551 -0.025581 -0.027392 334.648012 300.612767
  103 -0.008910 -0.018405 -0.010326 -0.034058 332.084904 296.024368
  103 -0.000090 -0.022259 0.011173 -0.043513 332.126114 290.294580
  103 0.014653 -0.023718 0.031017 -0.037696 335.405467 284.269541
  103 -0.010168 -0.026765 -0.012639 -0.046613 335.774690 277.877408
  103 -0.001584 -0.027315 0.002209 -0.047564 335.094414 270.902393
  103 0.007000 -0.027865 0.024778 -0.064917 337.040131 262.876306
  103 0.023184 -0.039380 0.046096 -0.064675 342.457397 253.163605
  103 -0.023064 -0.038184 -0.032749 -0.068105 341.722063 243.350507
  103 -0.010672 -0.041752 -0.011315 -0.074278 338.593512 232.776065
  103 -0.017895 -0.002478 -0.027875 -0.007515 345.001284 212.406224
  103 -0.012556 -0.008078 0.080152 -0.002687 347.099080 211.323014
  103 0.069562 -0.035257 0.119313 -0.053412 377.318588 205.018081
  103 0.089944 -0.015771 0.052197 0.013431 392.593794 201.789787
  103 0.126201 0.030268 0.275634 0.116327 428.976854 201.651595
  103 -0.008942 -0.037204 -0.008900 -0.065318 471.540654 191.162691
  103 0.002449 -0.038877 0.023890 -0.029228 472.529278 183.427255
  103 -0.046050 0.070090 -0.010001 -0.023074 473.752235 176.794875
  103 -0.006578 0.018387 -0.029318 0.003278 394.247084 199.040139
  103 0.070159 -0.035189 0.139078 -0.045357 413.176875 186.654969
  103 0.054473 -0.259376 0.057445 -0.160386 427.570162 158.636175
  103 -0.034399 0.007858 -0.060112 -0.006141 468.540381 152.718491
  103 -0.087985 -0.159194 -0.082512 -0.184025 440.938649 122.261956
  103 0.006566 0.065251 0.010946 0.148507 437.100134 132.535611
  103 -0.031328 0.049645 -0.044544 0.052069 433.230514 146.844898
  103 -0.021263 -0.049244 0.019253 0.007319 422.649509 143.716979
  103 -0.024775 0.075393 -0.014186 -0.019676 421.018435 134.241984
  103 -0.051731 0.012379 -0.090202 0.002173 381.572199 189.201221
  103 0.002021 0.013947 -0.064001 0.179210 355.099534 201.227719
  103 -0.085670 -0.012587 0.026098 0.003170 347.513044 210.544279
  103 -0.081775 -0.010039 -0.133263 -0.043734 350.288188 175.970314
  103 0.018866 -0.004322 0.096591 -0.007762 386.554146 187.445846
  103 -0.008400 -0.032832 0.002870 -0.058398 403.805865 171.881057
  103 -0.016346 0.050081 -0.027749 0.053761 400.111564 149.672618
  103 -0.005854 0.026747 -0.025254 0.062546 363.650890 165.666871
  103 -0.123441 -0.022495 -0.107135 -0.030322 350.432771 153.985050
  103 -0.092958 0.013560 -0.136520 0.003097 313.932894 150.331555
  103 -0.044011 -0.017780 -0.047677 -0.027407 300.893268 147.844398
  103 0.013793 0.075027 0.002780 0.131662 279.877345 177.047911
  103 -0.006343 0.070496 -0.038768 0.116643 305.503452 232.803686
  103 0.033995 0.022350 0.042207 0.054710 307.870043 243.744191
  103 -0.012556 0.003874 -0.092307 -0.059096 319.820085 279.249620
  103 0.016618 0.059947 0.007583 0.100583 316.181458 285.388772
  103 -0.126362 -0.011077 -0.210937 -0.053939 290.356943 266.092177
  103 -0.076806 -0.040416 -0.247309 -0.141636 251.326480 245.868106
  103 0.015063 0.028735 -0.006466 0.016733 228.343828 299.913160
  103 -0.026967 -0.043304 -0.025040 -0.083669 224.869356 293.426703
  103 0.012325 -0.100525 0.023606 -0.114382 225.578535 276.001273
  103 -0.022043 -0.034032 -0.019228 -0.055028 212.103491 217.363130
  103 0.003595 0.013632 -0.044139 -0.009471 91.917355 277.495659
  103 -0.045675 -0.009830 -0.021574 -0.020052 80.602357 273.678260
  103 -0.072662 -0.094239 -0.074875 -0.114759 55.012686 253.679703
  103 0.032451 0.078569 0.034015 0.142619 25.582213 303.424235
  103 -0.004379 0.208414 -0.017670 0.119712 26.209094 331.322093
  103 0.005558 -0.058041 0.024871 -0.073078 22.507770 285.824191
  103 0.014413 -0.037185 0.060595 -0.136866 28.173518 271.792504
  103 0.105611 0.030492 0.171177 0.080254 81.330152 270.151171
  103 -0.047322 -0.053663 -0.065508 -0.103956 135.264968 209.323315
  103 -0.046801 -0.016324 0.019587 -0.013103 129.721097 201.781800
  103 -0.012458 -0.103466 0.024553 0.042850 50.368705 240.658757
  103 0.173093 -0.193173 0.244923 -0.234867 76.402570 217.638760
  103 0.067741 -0.025745 0.105767 -0.024244 100.201289 201.610448
  103 0.038272 0.013398 0.040842 0.024000 110.787543 202.454380
  103 0.192311 0.035200 0.217612 0.056733 157.764090 206.512679
  103 -0.038625 -0.020933 -0.074958 -0.058950 169.234259 170.806913
  103 0.024622 -0.001360 0.048731 0.051869 162.844182 159.578469
  103 0.076845 0.038176 0.122873 0.090692 179.447610 176.597906
  103 0.052702 0.077368 0.052359 0.095020 192.545904 191.856453
  103 0.083097 0.033506 0.088553 0.071028 205.684751 203.216484
  103 0.018931 0.002452 0.073014 0.021485 219.742892 221.431302
  103 0.034859 0.030792 0.033527 0.055850 227.886941 227.694050
  103 -0.016213 -0.005531 -0.005884 -0.040116 302.569502 239.320046
  103 0.004209 -0.037358 0.014376 -0.042060 295.172414 204.817636
  103 0.070820 0.074287 -0.024869 0.002531 225.883356 208.821383
  103 -0.021062 -0.012261 0.037746 0.004550 173.864123 154.957135
  103 0.064873 -0.033162 0.079306 -0.028499 218.709334 185.350384
  103 0.008479 -0.006452 -0.036446 0.068153 91.363960 169.496006
  103 -0.025816 0.049050 -0.057828 0.087531 48.922032 226.660722
  103 0.044920 -0.102838 0.062216 -0.113906 52.040443 218.615283
  103 -0.041307 -0.009945 -0.017568 -0.031400 14.092762 266.980798
  103 0.079204 -0.076542 0.100881 -0.079462 48.894213 204.839559
  103 -0.030941 -0.199699 0.038790 0.240872 54.734525 185.470909
  103 -0.015256 -0.075978 -0.000180 -0.135878 88.620484 155.504595
  103 -0.038618 -0.018038 -0.049610 -0.051729 72.566541 113.769158
  103 -0.078579 0.075192 0.011299 -0.023556 53.334231 152.891546
  103 -0.011952 -0.010145 -0.000086 -0.020247 56.091138 96.034775
  103 0.066620 0.016685 0.108689 0.048343 97.664154 97.246870
  103 -0.052399 -0.058560 0.004910 -0.020213 79.884799 67.249307
  103 0.037201 0.036979 0.063872 0.088912 86.083052 73.428756
  103 0.044788 0.008654 0.065160 0.040587 97.813289 85.351035
  103 -0.014940 -0.039868 -0.007412 -0.071518 129.111422 132.778093
  103 -0.061927 -0.057163 -0.085418 -0.102564 119.996078 119.458077
  103 -0.020386 -0.053531 0.073307 0.079711 118.019237 114.763710
  103 -0.026284 -0.128417 0.025381 0.015058 140.965262 109.215820
  103 -0.029655 -0.111405 -0.002684 -0.059565 161.399817 120.833787
  103 -0.038342 -0.155607 0.001202 -0.073806 225.564999 137.037957
  103 0.061519 -0.184245 0.059185 -0.113839 241.581670 151.891752
  103 0.174923 0.083742 0.195370 0.106224 266.904549 156.828625
  103 -0.065275 0.008187 -0.113942 -0.009844 274.429901 153.274598
  103 -0.011624 -0.006364 -0.171216 -0.101427 232.546905 136.804473
  103 -0.034250 -0.006391 -0.067678 -0.027306 207.760646 133.996971
  103 -0.021554 -0.025972 0.051606 0.005957 205.489196 131.149924
  103 -0.014837 -0.006371 -0.085776 -0.135476 204.500207 95.802943
  103 -0.193688 -0.013443 0.134533 0.002965 194.810148 87.588272
  103 0.009016 -0.020191 0.024387 -0.010136 217.874362 108.101467
  103 0.023242 -0.027821 0.018765 0.006278 225.535432 126.713672
  103 -0.010599 -0.033626 0.009463 -0.032954 242.138878 127.107411
  103 0.017815 0.061685 0.013949 0.109520 244.578418 135.304668
  103 0.029927 -0.015529 0.102476 -0.030232 294.750470 147.031428
  103 -0.057691 -0.044046 -0.085841 -0.090687 349.344070 146.389556
  103 0.038313 -0.018704 0.090399 -0.035530 341.459533 141.760499
  103 -0.074818 0.022933 -0.071959 0.008276 347.271294 138.780229
  103 -0.018423 -0.026551 0.026192 -0.002120 343.552124 137.422644
  103 -0.006160 0.093591 -0.038583 0.156410 293.119700 139.034748
  103 0.032824 -0.014792 0.066811 -0.008645 355.920423 134.951329
  103 0.070254 0.015729 0.119069 0.062340 370.732980 138.938066
  103 0.054791 0.072871 0.053807 0.091135 383.834186 152.119690
  103 -0.173441 0.061017 -0.251237 0.064708 370.698730 128.494992
  103 -0.072816 -0.001625 -0.082739 -0.012233 313.237570 116.648676
  103 -0.121948 0.055396 -0.011292 -0.006911 300.214190 119.131534
  103 -0.102139 -0.060092 0.024315 -0.009307 287.204886 103.725159
  103 0.057871 0.036910 0.073454 0.074809 296.334828 109.722709
  103 0.033217 -0.021700 0.064825 -0.015745 307.536564 115.192310
  103 -0.020688 -0.061097 0.003194 -0.062360 335.532927 117.430145
  103 -0.007220 0.046185 -0.024917 0.058513 334.841487 109.675000
  103 -0.140756 0.125381 -0.172316 0.137138 320.697911 106.707296
  103 -0.010967 0.067331 -0.037830 0.108510 266.420271 108.794354
  103 -0.046092 0.047630 -0.093422 0.057711 256.185877 121.067969
  103 -0.065132 0.007871 -0.031019 -0.014245 245.110940 123.984114
  103 -0.050956 -0.009047 -0.078819 -0.038433 258.971727 95.933461
  103 0.032536 0.028848 0.032309 0.042693 222.052062 119.492583
  103 -0.041757 -0.050023 -0.057956 -0.096017 263.363665 67.293701
  103 -0.021849 0.028791 -0.050197 0.035332 255.962806 65.768360
  103 0.008741 0.009591 0.005296 0.015497 112.159736 15.727396
  103 0.044378 -0.034107 0.084408 -0.040685 119.978476 12.146596
  103 0.002425 0.014962 -0.051283 -0.002559 182.412066 19.217976
  103 -0.023347 0.022204 -0.030039 0.007119 111.246913 19.444534
  103 -0.002755 -0.051794 0.030727 0.026424 199.505979 84.116076
  103 -0.007102 0.016996 -0.025530 0.005064 255.276168 19.567334
  103 0.005006 -0.033027 0.023540 -0.048736 255.486053 15.029835
  103 0.055844 0.064936 0.005306 0.022905 260.661012 17.752128
  103 -0.012117 -0.077946 0.003743 -0.048364 268.391482 64.318157
  103 0.109976 -0.219496 0.106283 -0.174601 311.401112 63.134542
  103 -0.015023 -0.009949 -0.027877 -0.069443 334.445191 79.130155
  103 0.019255 -0.105518 0.027725 -0.071528 335.669057 64.553172
  103 0.013824 0.007322 -0.011841 0.038662 337.435351 63.197738
  103 -0.002533 -0.035470 0.011637 -0.012833 357.235527 57.466992
  103 0.008445 0.048366 -0.004780 0.083077 358.156582 64.460917
  103 -0.027479 0.031655 -0.058587 0.037520 352.881073 73.179963
  103 0.240741 0.094747 0.171977 0.076189 373.103162 110.678740
  103 0.078492 -0.041920 0.000028 0.021443 401.192400 116.311228
  103 0.080302 0.102034 0.082287 0.124653 407.586233 133.077685
  103 0.106051 -0.141201 0.105894 -0.128476 424.817538 123.828581
  103 -0.039277 -0.119590 -0.013261 -0.052677 421.763665 102.395657
  103 -0.002274 -0.004249 0.023952 -0.003002 422.353728 97.928419
  103 0.091337 0.052229 0.143612 0.107722 470.494239 131.511969
  103 0.017898 0.037273 0.004637 0.062051 479.867585 143.319890
  103 -0.018712 -0.035881 -0.014772 -0.044703 451.787377 117.843921
  103 -0.014655 -0.022707 -0.023530 -0.087687 480.784866 130.544719
  103 -0.014403 -0.043540 0.013103 -0.031112 478.314455 109.637668
  103 -0.004991 0.003085 -0.219424 0.005819 468.451195 107.064712
  103 -0.147552 -0.011383 -0.170062 -0.022849 449.973381 99.649154
  103 -0.064287 0.000254 -0.191271 -0.052933 413.484758 94.711459
  103 -0.080761 -0.069478 -0.035094 -0.049959 395.752873 84.554403
  103 -0.052339 -0.079700 0.001635 -0.034441 396.090470 74.943529
  103 0.024398 -0.002285 0.043890 0.017824 405.577374 81.737040
  103 -0.008854 -0.064727 0.031904 0.040291 420.616674 93.101796
  103 -0.010535 -0.022006 0.028445 0.008269 428.183370 94.193077
  103 -0.053620 -0.031770 -0.081026 -0.059127 413.410215 82.748486
  103 -0.051606 -0.021586 -0.134059 -0.063140 392.043731 70.909303
  103 -0.118921 -0.082901 -0.062306 -0.062018 373.534538 58.657365
  103 0.014071 0.002730 0.180930 0.119519 381.018679 62.023379
  103 -0.031523 -0.153942 0.048259 0.098261 391.721167 64.257908
  103 -0.058794 -0.141340 -0.036668 -0.118161 406.014566 60.613067
  103 0.013728 -0.020938 0.092100 0.230594 409.969684 65.513090
  103 -0.031343 -0.088188 0.078331 0.112972 421.967212 59.163922
  103 0.008697 0.069854 0.001835 0.081738 440.735105 91.370601
  103 0.037633 0.025702 0.038483 0.036832 475.717816 103.633166
  103 0.023515 -0.014712 0.038153 0.001978 481.476077 104.845565
  103 -0.035667 -0.046826 0.024311 0.000692 485.393500 69.216685
  103 0.012027 0.030715 -0.012136 0.030721 486.838933 72.925863
  103 -0.001659 0.099391 -0.012296 0.114308 482.059461 87.047345
  103 0.029687 0.030880 0.029854 0.064653 484.933899 98.955978
  103 -0.016217 0.043826 -0.046542 0.057570 482.969844 108.544251
  103 0.034203 0.052280 0.037261 0.100045 485.620083 139.660038
  103 0.030236 0.040233 0.032244 0.079238 483.713205 178.527563
  103 0.034428 0.085725 0.038861 0.153341 480.085741 212.008686
  103 -0.073365 0.174594 0.021677 -0.107534 478.750215 225.724986
  103 -0.011649 0.061379 -0.015814 -0.087892 385.408968 244.917407
  103 -0.092970 0.057515 -0.045565 0.008477 362.891649 215.551051
  103 0.007907 0.029532 -0.002029 0.066097 337.569948 281.002504
  103 -0.013056 0.001482 -0.043331 -0.034927 335.633121 301.030967
  103 -0.013410 -0.038737 0.003389 -0.078682 332.558118 292.246467
  103 -0.016045 -0.053805 -0.007956 -0.094336 335.658539 273.498229
  103 0.024987 -0.070228 0.073870 -0.127873 340.915930 256.671048
  103 -0.039931 -0.078152 -0.040492 -0.143412 340.212822 236.613010
  103 -0.033120 -0.007756 0.053816 -0.011817 348.560715 211.829711
  103 0.138248 -0.063946 0.183767 -0.032532 385.291673 204.340747
  103 -0.012189 -0.075245 0.018273 -0.095028 472.840980 187.079156
  103 -0.031698 0.015035 -0.001217 -0.019654 475.158286 173.461222
  103 -0.011064 0.017141 -0.039490 0.023762 394.811626 197.903236
  103 0.006064 -0.018276 0.021066 0.012095 424.499054 145.964087
  103 -0.071297 0.094112 -0.069579 0.078057 424.092733 128.817805
  103 -0.002038 0.014040 -0.064010 0.195347 355.100069 200.332160
  103 -0.020203 -0.003544 0.060371 -0.153559 353.605084 202.424546
  103 -0.005058 -0.044879 0.038744 0.025379 367.358219 175.153591
  103 0.093196 -0.008892 0.073079 0.006372 390.006342 187.937778
  103 -0.024827 0.067613 0.003971 -0.069399 364.058611 160.959301
  103 0.056927 0.045793 -0.066724 -0.030459 318.400198 277.660293
  103 0.014885 0.117198 -0.049537 -0.123205 312.900381 276.632592
  103 0.011216 0.025028 0.008685 0.047731 227.502922 298.192750
  103 -0.027696 -0.064735 -0.027351 -0.070876 211.290878 214.518534
  103 -0.072812 0.012246 -0.084048 0.005450 94.132292 276.667572
  103 -0.037068 -0.012107 -0.069282 -0.032701 83.250129 274.380257
  103 -0.017513 0.208020 -0.017772 -0.165355 25.362898 315.475627
  103 -0.080469 -0.116981 -0.053793 -0.089963 133.793729 206.047557
  103 -0.023073 -0.004769 0.004067 -0.019556 51.505705 244.122264
  103 0.046504 0.063828 0.027005 0.058220 228.270223 229.939925
  103 0.013844 0.039338 -0.022189 -0.006683 222.385595 206.073297
  103 -0.016593 -0.018978 0.016035 -0.013462 175.069084 155.956797
  103 0.101209 -0.041295 0.081622 -0.029331 221.163385 184.783687
  103 0.009268 -0.002074 -0.026214 0.063236 90.796067 169.768856
  103 -0.063056 0.100431 0.051759 -0.115294 52.620804 218.692311
  103 -0.035888 -0.032202 0.039516 -0.022922 17.607694 266.026868
  103 0.000538 -0.121454 0.021260 0.055703 55.707438 195.747825
  103 -0.029491 0.017168 0.028581 -0.063734 57.434997 146.948151
  103 -0.036247 -0.032601 -0.027877 -0.044894 57.633512 97.402677
  103 -0.074019 -0.097837 -0.067979 -0.110388 83.930167 72.254008
  103 0.073989 0.095593 0.057999 0.092785 88.111548 77.395018
  103 -0.105037 -0.117524 0.000992 -0.018916 122.032762 120.237487
  103 0.008868 -0.051151 0.015960 0.020115 142.692151 114.441534
  103 -0.018128 -0.141807 0.033467 0.136047 228.649338 149.568000
  103 -0.075815 -0.026875 -0.004534 -0.024513 208.604990 132.841024
  103 -0.012071 -0.009981 -0.101291 -0.144904 205.361263 96.326211
  103 0.019821 -0.004150 0.134556 0.197638 208.476005 98.987333
  103 0.025656 -0.018885 -0.015492 0.133337 216.726008 116.147764
  103 0.027894 -0.008467 0.027233 0.016195 226.303129 128.502772
  103 -0.006106 -0.034692 -0.000168 -0.072344 242.673452 129.293584
  103 0.013502 -0.015114 0.009366 -0.005948 344.661467 137.942139
  103 -0.058484 -0.034651 -0.065320 -0.041629 337.986374 132.921650
  103 -0.021364 -0.015422 -0.046893 -0.052847 291.156961 106.141627
  103 -0.007574 -0.084626 0.003670 -0.008846 336.398659 118.894292
  103 -0.025217 0.073834 0.037814 -0.154282 337.171182 99.634413
  103 -0.059465 -0.008417 0.006702 -0.009470 247.567115 123.206668
  103 -0.060975 -0.072717 0.015912 0.017398 222.962119 120.896413
  103 0.095386 -0.052335 0.087275 -0.033819 123.402184 11.361092
  103 0.253835 -0.017963 0.096470 -0.004289 174.211760 19.313998
  103 -0.025539 0.018911 -0.058226 0.030825 112.811283 18.128838
  103 -0.025691 0.012890 0.011613 -0.060346 256.147964 15.674228
  103 0.032523 0.052331 0.005219 0.011720 259.163654 16.324649
  103 -0.002813 -0.080914 0.093781 0.233210 273.984065 79.755588
  103 0.147155 -0.261160 0.008288 -0.005283 308.341876 69.865207
  103 -0.011848 -0.015964 -0.043370 -0.084383 335.305060 79.959367
  103 0.033670 -0.114787 0.015543 -0.023299 335.915554 66.636614
  103 -0.000298 -0.031555 0.010004 -0.051478 357.326124 59.611789
  103 -0.064545 0.048364 -0.062732 0.031057 350.278750 73.890649
  103 0.269507 0.113444 0.191483 0.081382 376.026750 112.163529
  103 0.039270 -0.002365 -0.007213 0.017807 398.280322 118.640970
  103 -0.001435 0.024863 -0.005526 0.033692 431.006132 114.813765
  103 -0.031138 -0.105476 0.010496 -0.007131 423.603071 105.826771
  103 -0.007958 -0.006926 -0.027401 -0.041972 425.026379 104.862694
  103 -0.018248 -0.032549 0.012119 -0.024219 423.010416 99.105942
  103 0.012971 0.072447 -0.047802 -0.057145 476.641796 138.955611
  103 -0.010788 -0.024418 -0.038200 -0.114858 481.599016 132.052719
  103 -0.006468 -0.044819 0.001070 -0.082057 478.982322 112.465129
  103 -0.020648 -0.000255 -0.240242 -0.052933 416.202673 94.711495
  103 -0.070813 -0.078063 -0.001410 -0.005726 398.258944 86.459894
  103 -0.024752 -0.069717 0.034366 0.030632 399.672664 79.194003
  103 0.019399 -0.003833 0.012916 0.002283 429.237362 95.023970
  103 -0.113492 -0.095232 0.123606 0.066185 384.200146 64.983454
  103 0.026088 0.008240 0.171915 0.063358 402.271181 72.700403
  103 -0.061195 -0.173138 0.064732 0.118695 411.488613 71.723510
  103 -0.135785 -0.169551 -0.018031 -0.035634 427.315292 67.411571
  103 -0.017885 -0.005955 -0.018266 -0.067247 480.084166 216.405750
  103 0.047665 0.142654 0.004953 0.029748 384.256434 238.388374
  103 -0.085999 0.036109 -0.019552 -0.003158 364.781530 213.535303
  103 0.001910 0.030509 0.003631 0.100715 337.255793 279.081192
  103 0.027373 0.036331 -0.035076 -0.013124 335.174975 299.820922
  103 0.076001 -0.122435 0.078540 -0.086882 347.188546 215.995838
  103 0.037519 -0.010792 0.285110 -0.075625 379.667157 206.732385
  103 0.009752 -0.120029 0.011616 0.052786 473.875709 192.416601
  103 -0.016904 -0.009526 -0.133288 -0.082838 468.775158 168.382601
  103 -0.017016 0.014096 -0.055680 0.041773 395.710174 196.903662
  103 0.021300 0.001351 0.037037 0.016421 426.360532 147.460300
  103 -0.056528 0.176422 0.016130 -0.053882 356.060474 196.892463
  103 0.042437 -0.002384 0.060296 -0.001871 366.162099 176.666006
  103 -0.011430 0.025548 -0.016934 -0.015685 365.218819 157.978159
  103 0.024150 0.024673 -0.019977 0.010170 315.805725 275.405375
  103 0.013140 0.053906 -0.033013 -0.077557 225.311826 293.087461
  103 -0.078615 -0.034411 0.004621 -0.009701 84.692753 274.229275
  103 -0.024168 -0.039384 -0.018192 -0.062954 24.913642 305.325044
  103 -0.179550 0.204570 -0.112761 0.095645 57.989642 237.728644
  103 -0.020739 0.141228 -0.026165 0.097427 222.606237 200.295170
  103 -0.085650 -0.162157 -0.042916 -0.117900 178.340863 161.753110
  103 0.008140 0.005298 -0.016177 0.065095 90.239013 169.665691
  103 -0.033466 0.044810 -0.003893 -0.031551 55.709487 214.044603
  103 -0.132120 0.143292 -0.057354 0.041130 22.983968 262.472002
  103 0.127085 -0.107180 0.094844 -0.076122 51.623526 203.064111
  103 -0.083538 0.170563 -0.036589 0.044507 61.051927 140.940738
  103 -0.042298 -0.055232 0.014903 -0.009869 59.620540 97.898187
  103 -0.095960 -0.144645 0.045331 0.064503 88.814625 78.964691
  103 -0.051658 -0.075165 0.048183 0.058164 128.068112 127.226333
  103 -0.172385 -0.256685 -0.078320 -0.157376 147.924685 124.292265
  103 -0.001345 -0.097333 0.020598 0.075444 164.675951 141.686040
  103 0.012506 -0.120759 0.030225 -0.015343 228.829242 157.970129
  103 -0.181560 -0.055895 -0.123899 -0.052005 249.609915 146.264727
  103 -0.041840 -0.034695 0.004125 0.000431 211.260026 133.724957
  103 -0.093874 -0.130649 0.091859 0.119916 210.845691 103.300914
  103 -0.003199 -0.080082 0.022376 0.098912 244.110702 135.893370
  103 -0.099811 0.018643 -0.040398 -0.003913 347.423362 137.829203
  103 -0.051347 -0.053540 0.077216 0.065220 296.126068 110.254867
  103 -0.000604 -0.049984 0.012821 0.009813 337.352576 122.146959
  103 -0.015126 0.043825 0.014553 -0.086443 338.462177 95.869327
  103 -0.023921 -0.012421 0.025952 -0.017586 250.910344 122.500007
  103 -0.002395 0.019862 -0.020626 -0.013077 224.989987 122.587782
  103 0.210575 -0.012701 -0.032110 0.026041 164.306960 21.334095
  103 -0.002774 -0.045887 0.022372 0.015436 258.211692 16.118443
  103 0.080765 -0.135162 -0.029690 0.091142 301.985096 83.280721
  103 0.030314 -0.077598 0.006788 -0.005072 335.214830 70.028302
  103 0.008527 -0.060419 0.005006 0.076128 357.613469 64.846615
  103 0.039921 0.002629 0.038447 0.017959 395.746205 118.632536
  103 -0.006467 -0.058922 0.013029 0.000593 425.322599 109.234904
  103 -0.004502 -0.004426 -0.034585 -0.048518 425.425113 105.225957
  103 0.001386 -0.037277 0.068602 0.079543 427.401745 104.562133
  103 -0.023395 -0.088623 0.010322 -0.050804 430.284733 100.485231
  103 0.170207 0.119530 0.057814 0.053545 470.780107 132.812350
  103 -0.002306 -0.093568 0.003674 -0.041760 479.393208 111.581633
  103 -0.036629 -0.043997 0.024500 0.005230 401.884723 89.248172
  103 -0.058879 -0.023555 -0.013853 -0.023147 402.348833 82.178703
  103 -0.142057 -0.065547 -0.023737 -0.026517 392.377704 70.128371
  103 0.162126 0.059063 0.122927 0.052922 408.258808 75.373904
  103 -0.083529 -0.115677 0.075822 0.085822 435.868534 77.600333
  103 0.048402 0.006548 0.026452 0.025900 484.697294 73.193462
  103 0.050914 0.175838 0.000778 0.030703 479.027243 210.969512
  103 0.028128 0.097124 -0.044983 -0.129040 380.234569 226.661738
  103 -0.128334 0.047194 -0.143132 0.044872 371.640183 210.869625
  103 0.009498 0.017986 -0.013818 0.018194 333.995112 298.082760
  103 -0.056793 0.043273 -0.010991 -0.003875 395.644705 196.237512
  103 -0.061067 -0.025565 0.014108 0.002460 427.633067 148.235139
  103 -0.003775 0.032995 -0.023932 0.047850 393.948135 196.566380
  103 -0.014276 0.041486 -0.011784 -0.022709 357.215334 189.986588
  103 0.073506 -0.002815 0.083175 0.019067 369.420311 177.800526
  103 -0.020400 -0.000828 -0.190070 -0.043770 355.035676 154.731393
  103 0.019453 0.029056 0.005164 0.041149 314.410433 273.686051
  103 0.005559 0.026972 -0.022231 -0.030925 224.713459 290.499380
  103 0.045723 0.162962 -0.005764 0.008298 24.223879 301.370555
  103 -0.187560 0.185227 0.236582 -0.239448 76.865518 217.893042
  103 -0.033059 0.155102 -0.041728 0.117563 220.953997 202.300633
  103 -0.080042 -0.183320 0.065324 0.093918 184.707179 172.154559
  103 -0.004335 0.141706 -0.013983 0.149855 90.117244 164.961546
  103 0.007733 0.088181 -0.018730 0.045128 56.532939 209.788882
  103 -0.115797 0.107313 0.052315 -0.080574 30.115315 253.414841
  103 -0.073499 0.123878 -0.004541 -0.006150 63.473112 135.141389
  103 -0.033244 -0.080469 -0.028653 -0.088111 62.037892 102.240622
  103 -0.020205 -0.002856 -0.021647 -0.020543 92.531913 83.684739
  103 0.015955 0.012856 0.007992 0.031257 130.164761 131.366400
  103 -0.154110 -0.264817 0.091693 0.101100 158.529946 138.117209
  103 0.032464 -0.073685 0.000532 0.056254 228.458589 164.956534
  103 -0.198223 -0.073045 -0.113752 -0.046959 249.106599 145.447141
  103 -0.006003 0.080419 -0.023459 0.026794 212.790984 132.261790
  103 -0.008992 -0.013612 0.032549 0.036738 214.137398 107.917282
  103 0.000732 -0.035703 0.020953 0.032153 244.189656 139.598494
  103 -0.084938 0.005928 -0.047412 0.001956 347.985948 137.341171
  103 -0.016389 -0.019718 0.038161 0.022982 298.293625 112.599102
  103 0.010816 -0.016482 0.027090 0.026415 338.875418 125.212509
  103 -0.022713 0.040538 -0.007265 -0.037801 339.673035 93.169702
  103 0.010545 -0.021461 0.043485 -0.030588 254.089216 121.199837
  103 -0.047425 0.093230 -0.049352 0.052130 226.584243 118.968830
  103 0.077443 0.016232 -0.129227 -0.005865 150.396459 21.414998
  103 0.018013 -0.009558 -0.002014 0.115872 258.188693 24.017705
  103 0.026498 -0.018740 0.032155 0.002406 298.552696 88.205561
  103 0.021043 -0.043197 0.006972 0.018045 334.631731 73.512958
  103 0.008524 -0.030549 0.014837 0.023678 357.067834 67.757585
  103 0.034402 0.006151 0.081299 0.023021 393.367882 118.351581
  103 -0.031503 0.013512 -0.008864 -0.025589 426.537627 110.688017
  103 -0.089979 -0.004340 -0.033123 -0.005261 430.027435 109.233966
  103 -0.002747 -0.088368 0.035695 0.054630 433.014409 106.353163
  103 0.135239 0.106198 -0.103862 -0.057352 459.569124 125.804363
  103 -0.001110 -0.045238 0.001705 -0.121792 479.502519 116.023417
  103 0.002932 -0.017463 0.050999 0.014336 405.887328 91.451705
  103 -0.041452 -0.031850 0.034057 -0.001858 406.123110 82.829371
  103 -0.107192 -0.051104 -0.167449 -0.093775 400.353682 73.861198
  103 -0.010177 -0.028962 0.021794 0.002427 438.867118 82.228772
  103 0.047140 0.025734 -0.002706 0.012237 482.998255 73.663068
  103 0.026132 0.114544 -0.004033 0.004661 477.174189 205.601383
  103 0.003133 0.081656 -0.026959 -0.025959 379.234238 220.940761
  103 0.004321 0.020261 -0.005850 0.040246 333.552915 296.858849
  103 -0.037927 0.018276 0.000504 -0.019521 397.490031 193.769374
  103 -0.018299 -0.010649 0.019384 -0.025604 430.662990 147.632187
  103 -0.022641 0.057993 -0.006890 -0.043207 393.686542 193.112547
  103 -0.007573 0.013040 -0.024382 0.008729 357.914517 188.241763
  103 -0.109752 0.001038 -0.192951 -0.036791 377.598896 159.255490
  103 0.014204 0.050212 -0.032764 -0.026681 311.969522 271.275492
  103 -0.002265 0.028473 -0.020332 0.001044 224.608032 288.725138
  103 0.017863 0.088677 -0.001356 0.013040 22.685509 296.879470
  103 -0.089250 0.079779 0.076980 -0.086652 85.723426 209.412872
  103 -0.052715 0.179500 -0.043322 0.136225 219.607501 204.897880
  103 -0.144061 -0.119925 -0.063888 -0.080926 191.878460 181.858409
  103 -0.012376 0.083225 -0.014291 -0.033127 55.492325 205.128520
  103 0.002009 0.142387 -0.013292 0.063398 33.756537 245.424443
  103 -0.040687 0.056606 0.002525 -0.050154 65.965196 128.393734
  103 -0.018299 -0.009075 -0.043848 -0.027423 93.764049 84.066551
  103 -0.013897 -0.081954 0.009179 -0.008583 130.098927 133.577524
  103 0.002460 -0.044736 0.021240 -0.006470 164.640300 146.232250
  103 -0.023345 0.063445 0.003618 -0.186464 213.183903 119.339615
  103 -0.003737 -0.017511 0.025210 0.018793 214.544714 108.913203
  103 0.018536 0.010031 0.058005 0.036363 247.385503 142.759110
  103 -0.012333 -0.022494 0.021600 -0.001356 299.212743 113.949873
  103 -0.104061 0.073862 -0.010434 -0.000375 257.081729 119.523002
  103 -0.066510 0.091821 -0.003768 -0.031567 227.892728 114.233482
  103 -0.073343 0.003030 -0.066603 -0.029940 144.221859 19.233880
  103 0.004326 -0.351941 0.010866 -0.092560 257.473852 35.585661
  103 0.028939 -0.013343 0.064118 -0.016092 296.778728 89.232194
  103 0.016568 -0.005950 0.012572 0.042711 334.656074 77.265746
  103 0.014236 -0.019526 0.027960 -0.005195 356.339506 69.360002
  103 -0.023438 -0.015435 0.095784 -0.003192 432.861713 110.078453
  103 -0.073713 -0.006732 -0.043151 -0.004990 430.511892 109.095876
  103 -0.036026 -0.049107 0.048629 0.029736 428.510239 107.326416
  103 0.014571 0.013528 -0.017486 0.011679 454.775215 121.973133
  103 0.000923 -0.128236 0.004891 -0.082020 479.809504 112.918908
  103 0.045692 0.003700 0.080261 0.016929 410.247982 92.950067
  103 -0.061067 -0.069678 -0.025053 -0.060396 409.403721 86.078259
  103 -0.198805 -0.106872 0.101778 0.025356 409.432541 76.903803
  103 -0.004639 -0.030022 0.013251 -0.031582 439.341232 84.116248
  103 -0.005188 -0.058433 0.021482 -0.006617 481.655799 74.709437
  103 0.009569 0.061314 -0.024326 -0.022305 474.987881 200.698025
  103 -0.088029 0.099841 -0.075909 0.078688 381.950937 215.132852
  103 -0.002913 0.045032 -0.006022 -0.075053 333.080438 292.045047
  103 -0.017443 -0.007033 0.041410 -0.007882 403.304036 193.695789
  103 -0.098397 0.046715 -0.078098 0.017951 401.852412 191.689675
  103 -0.015625 -0.006929 0.040089 -0.007370 398.742908 191.833438
  103 -0.054292 0.069976 -0.022470 0.008603 432.985887 145.733703
  103 -0.042577 0.002927 -0.044493 -0.008082 395.773522 191.163134
  103 -0.052520 0.061051 -0.059030 0.051448 359.837487 185.870836
  103 -0.222200 -0.031385 0.077430 -0.004953 385.408335 158.947402
  103 0.020831 0.177829 -0.012564 0.104802 310.848398 263.978187
  103 -0.028691 0.135274 -0.038180 0.095457 225.598623 283.485220
  103 0.007756 0.055646 -0.012091 -0.004029 21.442828 293.818224
  103 -0.091911 0.042868 -0.027473 -0.015937 91.520562 205.488175
  103 -0.127433 -0.130141 0.090224 0.059118 201.495824 188.977085
  103 0.028537 -0.025029 0.156430 -0.067572 217.011497 186.906050
  103 -0.018581 0.012885 -0.064672 0.037704 52.299061 204.557901
  103 -0.010523 0.126171 -0.007979 -0.098458 33.249402 235.403627
  103 0.011840 0.159855 -0.014108 0.074652 66.888318 121.466984
  103 -0.047174 -0.028318 0.063784 0.029249 97.889657 85.980298
  103 0.001011 -0.048420 0.004850 -0.004733 130.812839 135.937382
  103 -0.154289 -0.091138 -0.166142 -0.102525 223.698021 131.318000
  103 -0.008535 -0.129977 0.018134 -0.066244 214.937395 113.632801
  103 -0.006127 -0.025650 0.010956 -0.029115 299.803459 115.490477
  103 -0.173740 0.127410 -0.142290 0.094836 235.580734 107.218085
  103 -0.094428 -0.024449 -0.085079 -0.039001 141.846933 16.972392
  103 0.011586 -0.256237 0.011727 -0.026545 257.986263 45.374522
  103 -0.043534 -0.081158 -0.002977 -0.007513 335.518995 80.053213
  103 0.019367 -0.012865 0.047335 -0.023871 355.264215 70.396521
  103 -0.074276 -0.007694 -0.014969 -0.003014 432.039925 109.144031
  103 0.008668 0.016692 -0.004087 0.029104 454.031578 121.006098
  103 -0.052259 -0.087214 0.072566 0.060362 415.385264 91.658064
  103 -0.004449 -0.003217 -0.015413 -0.038118 415.936666 80.426648
  103 -0.000944 -0.030433 0.010032 -0.066438 439.519876 86.050795
  103 -0.000343 -0.040366 0.018293 -0.063582 481.832790 77.871025
  103 -0.076384 0.117864 -0.062850 0.081004 477.125971 194.964334
  103 -0.109842 0.118157 0.027293 -0.059272 386.282631 208.648378
  103 -0.003726 0.025268 -0.009849 -0.034520 333.292867 289.795462
  103 0.020995 -0.070248 0.043459 -0.052441 403.190367 196.168781
  103 -0.116924 0.038924 -0.036336 0.011078 402.984486 190.809594
  103 -0.046632 0.042448 -0.005060 -0.001964 434.442394 143.385446
  103 -0.077450 0.075141 0.012611 -0.043938 362.218016 181.478628
  103 -0.043954 -0.019988 0.043039 -0.015249 394.907430 159.105444
  103 -0.047455 0.150416 0.003350 -0.085616 226.702693 274.404769
  103 -0.069780 0.007614 0.104592 -0.034698 100.266542 202.190635
  103 0.031045 -0.033252 0.034648 -0.035091 204.580255 194.205681
  103 -0.013069 0.084964 -0.021582 0.023277 34.004327 228.647309
  103 -0.006314 0.144665 -0.006790 -0.036674 66.132596 114.316213
  103 -0.013642 -0.017110 0.028719 0.003056 99.835773 87.434003
  103 0.004712 -0.028314 0.012184 0.006096 131.456716 137.825169
  103 0.011458 -0.122435 0.005907 0.051855 215.538341 120.670008
  103 0.006438 -0.038073 0.016337 0.010304 300.906202 116.883126
  103 -0.034907 0.020467 0.002588 -0.013931 262.230314 115.353413
  103 -0.210263 0.145946 0.123682 -0.115310 248.004782 96.741267
  103 0.190361 0.087637 -0.029766 -0.002568 138.777072 14.950383
  103 0.015962 -0.151138 0.031626 0.032175 259.370784 55.359843
  103 0.100464 -0.029812 -0.121945 0.041940 287.139643 92.574745
  103 -0.024348 -0.047095 0.031778 0.026483 338.675745 84.120078
  103 0.050731 -0.027133 -0.070697 0.043298 350.720788 73.211245
  103 0.003993 0.018369 0.003213 0.049319 453.626435 119.884131
  103 -0.000868 0.014145 -0.035933 0.050614 436.989722 106.576073
  103 0.092447 0.016531 0.095737 0.019608 414.099255 93.919920
  103 -0.097075 -0.067159 0.012650 -0.012327 415.828134 83.080974
  103 -0.007651 -0.005699 -0.022389 -0.043259 416.323857 80.711955
  103 0.008228 -0.072831 0.011593 0.080022 440.193500 91.465853
  103 0.004834 -0.041036 0.020883 -0.110517 481.689080 80.475916
  103 -0.010887 0.022441 -0.018275 -0.007012 333.760486 288.268786
  103 -0.089972 0.029068 0.127655 -0.048886 413.810891 186.850841
  103 -0.027704 0.019521 -0.000553 -0.019177 435.903940 140.962770
  103 -0.043086 0.001178 -0.056888 0.000065 366.075182 179.036431
  103 -0.024847 -0.157183 0.003371 -0.117401 397.109044 164.774914
  103 0.064970 0.179888 0.013449 0.104830 226.142223 263.835030
  103 -0.057219 0.136989 -0.012535 0.000498 24.583805 281.740754
  103 -0.069179 0.004915 0.024471 -0.027474 104.713222 201.789705
  103 0.045569 -0.047056 0.045995 -0.015267 206.139559 194.422431
  103 -0.023060 0.022773 -0.033017 0.001266 208.335693 192.187894
  103 -0.025250 0.062668 0.034268 -0.106127 36.324406 220.038428
  103 0.033469 0.059162 0.008867 0.080848 65.263636 107.793740
  103 -0.035793 -0.090395 0.000216 -0.058928 101.417684 90.874155
  103 0.012922 -0.008870 0.023638 0.015272 132.617836 139.578809
  103 0.010852 -0.016249 0.070584 0.032053 219.089079 126.366864
  103 -0.070766 0.021705 -0.020753 0.000866 302.964712 117.406920
  103 -0.015209 -0.001847 0.007989 -0.031086 263.790749 112.973199
  103 0.002124 -0.027022 0.017181 0.006301 255.686759 92.420727
  103 0.069368 0.041591 0.004189 0.006792 132.917977 12.522937
  103 0.031738 -0.005201 -0.045721 0.021752 282.909196 93.695150
  103 -0.006196 -0.022311 0.014167 -0.013535 339.653157 86.341046
  103 0.022599 -0.007038 -0.028417 0.023596 348.374225 74.304706
  103 -0.005228 0.009449 -0.026698 0.001677 436.477217 109.292071
  103 0.004783 0.051954 -0.022803 -0.035436 452.233105 117.329613
  103 -0.008502 0.015154 -0.041336 0.067507 437.289579 105.638512
  103 -0.218659 -0.046030 0.022966 0.002599 418.138038 94.863914
  103 -0.071843 -0.055461 -0.084744 -0.083026 421.233507 87.004794
  103 -0.002426 -0.001863 -0.028200 -0.047619 416.646330 80.953935
  103 0.004682 -0.030547 0.019037 0.020416 439.780382 94.773950
  103 0.020526 -0.116357 -0.001418 0.104526 481.455715 87.590247
  103 -0.015514 0.019929 -0.033498 0.017417 334.605332 286.912961
  103 -0.081038 0.007278 0.029055 -0.027929 419.283194 185.687747
  103 -0.014331 -0.006870 -0.002199 -0.038669 436.668424 138.191954
  103 -0.009500 -0.180400 0.025965 0.086054 399.345201 174.580766
  103 0.044148 0.180851 -0.085422 -0.319670 219.322292 240.336893
  103 -0.039480 0.068926 0.046142 -0.118564 28.975669 270.776776
  103 -0.037445 -0.037128 -0.037006 -0.046048 108.125193 202.820523
  103 -0.026847 0.016627 -0.061792 0.023983 209.932726 190.927113
  103 -0.025389 0.045798 0.005071 -0.043588 37.944830 216.567540
  103 0.024424 0.099692 -0.033738 -0.077028 62.320144 101.625497
  103 -0.017709 -0.096299 0.199335 0.400533 113.626159 115.996356
  103 0.045232 0.008383 0.057168 0.014991 130.756917 139.594411
  103 -0.085312 -0.026929 0.027652 0.007157 221.471815 127.748571
  103 -0.053380 0.011603 0.053199 -0.021567 308.181804 115.515419
  103 -0.038289 0.127764 -0.022856 0.041515 265.502678 108.943854
  103 0.015962 -0.008047 0.029601 0.010972 257.261665 93.894367
  103 0.038316 0.026685 -0.049444 0.007300 127.954069 11.597154
  103 0.033020 0.000953 -0.008383 0.019303 280.836947 93.831070
  103 0.025289 0.001603 -0.000806 0.020463 346.841816 74.478610
  103 -0.025766 0.006179 0.026652 -0.025683 438.123720 107.564301
  103 0.098038 0.043730 0.036482 0.019733 448.942820 114.267744
  103 -0.040097 0.066118 0.002466 -0.049230 437.698538 102.421335
  103 -0.075604 -0.005589 -0.146699 -0.027163 427.554464 96.515748
  103 -0.109410 -0.099730 -0.060729 -0.055803 420.162022 85.682461
  103 -0.025667 -0.042226 0.168624 0.129571 426.082610 88.204700
  103 0.012545 -0.040933 0.017650 0.013836 480.397432 92.623532
  103 -0.036806 0.025068 0.018245 -0.036917 336.114355 284.226325
  103 -0.057317 0.269864 -0.050717 0.131864 423.710532 176.819207
  103 0.012775 0.161409 -0.003096 0.050435 436.718209 133.246688
  103 0.034765 -0.054227 0.040532 -0.049227 398.536733 182.088830
  103 0.032753 0.184250 -0.041083 -0.109161 216.861487 228.653632
  103 -0.106636 0.144893 -0.038105 0.004719 33.651379 263.934570
  103 -0.050813 -0.058496 0.033611 -0.002002 111.188866 203.897505
  103 -0.067009 0.029111 0.134248 -0.065219 218.242607 186.775436
  103 -0.034055 0.039183 -0.029203 0.005410 39.847028 213.848157
  103 -0.044930 0.009046 -0.045561 -0.014332 62.976328 98.145894
  103 0.072191 0.017191 0.178211 0.082584 139.200205 143.909553
  103 -0.018677 -0.007258 0.032547 0.007129 226.008184 129.005946
  103 -0.108158 -0.011421 -0.039940 -0.021461 313.351033 115.509574
  103 -0.038965 0.099883 -0.014362 0.022873 265.930835 106.124850
  103 -0.093829 -0.037852 -0.015295 -0.015492 259.753426 95.363121
  103 -0.023719 0.019673 -0.049205 0.022795 123.997061 12.008344
  103 0.037724 -0.096481 0.035526 -0.034241 344.825411 77.514695
  103 0.000905 -0.010211 0.012318 -0.028008 438.919284 107.693333
  103 0.080656 0.038977 -0.046676 0.000158 443.215055 112.877135
  103 -0.126135 -0.050513 -0.093379 -0.040232 443.017960 101.921962
  103 -0.054514 -0.015808 0.055752 -0.002669 437.440723 98.529184
  103 -0.221252 -0.025506 -0.317859 -0.045092 437.053857 97.510790
  103 -0.107369 -0.098257 -0.047716 -0.046467 421.014918 86.294903
  103 0.042154 0.003994 0.297607 0.038672 454.656290 97.797735
  103 -0.041594 -0.043327 0.000902 -0.034747 481.326992 95.319853
  103 0.004104 0.102593 -0.000610 0.036689 337.160798 280.141161
  103 -0.072640 0.249283 0.046970 -0.166206 428.151501 158.959149
  103 0.003703 0.124441 -0.000109 0.016982 436.303361 129.024122
  103 0.052531 -0.069802 0.060900 -0.059466 400.804223 180.523740
  103 -0.086363 0.076538 0.054378 -0.077105 40.081726 255.018675
  103 -0.132116 0.111035 -0.071862 0.028290 117.042624 202.216260
  103 -0.028908 0.012316 0.078945 -0.041333 221.311953 185.449797
  103 -0.015463 0.098857 -0.032182 0.062520 224.896907 180.298833
  103 -0.039551 0.034295 -0.071642 0.047775 42.202410 211.496868
  103 0.085312 0.026929 0.049259 0.021687 222.670998 128.554942
  103 -0.002333 -0.003793 0.020433 0.000757 226.680508 129.359564
  103 -0.088714 -0.024321 0.058681 -0.009515 320.068912 115.346950
  103 -0.031937 0.069777 -0.005138 -0.038587 266.892544 100.787026
  103 -0.060178 -0.032361 -0.011970 -0.007957 262.091645 96.132757
  103 0.123377 -0.055495 0.008255 0.002141 120.807997 13.154642
  103 0.009187 -0.022892 0.062574 -0.103069 343.324264 81.334640
  103 0.011134 -0.029394 0.015796 0.021205 439.766976 109.196974
  103 -0.144045 -0.060145 -0.058733 -0.046462 443.794614 100.959703
  103 -0.386269 -0.051856 -0.195915 -0.026928 433.260625 96.832459
  103 -0.095063 -0.089424 0.099014 0.053664 429.945984 92.417488
  103 -0.020015 -0.051795 0.035431 0.052594 484.624405 99.625279
  103 0.001523 0.083113 -0.016328 -0.077438 336.123233 272.560373
  103 -0.109818 -0.084835 -0.058231 -0.071389 433.990151 153.696820
  103 0.001757 0.076947 -0.011179 -0.008842 435.564443 124.551299
  103 -0.064579 0.055383 -0.032651 -0.001042 44.911869 250.797204
  103 -0.128376 0.080051 0.020111 -0.035504 122.386511 196.692677
  103 -0.031513 0.005128 0.044107 -0.031276 223.245426 184.891602
  103 -0.035640 0.103645 0.001376 -0.072936 225.468086 173.087487
  103 -0.081902 0.058577 0.120895 -0.104145 50.177694 204.619384
  103 -0.221220 -0.134477 -0.029103 -0.040323 227.020059 131.996477
  103 -0.003249 -0.005312 0.017215 -0.004492 226.859140 129.650928
  103 -0.133657 -0.111589 0.094298 0.046974 336.277378 127.180369
  103 0.006531 -0.020412 0.124071 0.078163 329.793732 120.463276
  103 -0.069241 0.019698 -0.063475 0.013002 270.130238 97.923841
  103 -0.040469 -0.023081 0.001501 -0.007356 264.100643 96.760023
  103 0.068848 -0.025891 0.007364 0.002498 117.268616 15.069092
  103 0.058857 -0.100827 -0.005845 0.055343 342.705881 85.138708
  103 0.071344 -0.010486 0.063351 -0.001788 437.127674 110.473114
  103 -0.122955 -0.070364 0.076073 0.018997 452.626089 103.938709
  103 -0.363030 -0.049280 -0.135914 -0.029997 438.077994 96.827040
  103 0.038332 0.001825 0.344013 0.042027 452.080745 97.611526
  103 0.002699 -0.038548 0.025446 0.000504 485.178540 102.516257
  103 -0.006762 0.030748 -0.019349 -0.011788 336.290879 268.916814
  103 -0.105406 -0.104325 0.070712 0.041998 441.428841 158.742410
  103 -0.002241 0.063038 -0.011458 0.071870 435.579916 120.071773
  103 -0.060605 0.026787 0.052056 -0.031641 49.867537 247.268888
  103 0.016121 -0.111896 0.035232 -0.092835 223.737984 188.308163
  103 -0.046729 -0.015208 0.055604 -0.011298 233.749306 170.848395
  103 -0.016627 -0.011426 -0.068831 -0.077251 222.788427 165.483406
  103 -0.065373 0.039139 0.035979 -0.047804 54.890510 201.492450
  103 -0.135848 -0.102206 -0.071959 -0.054590 230.105380 133.269985
  103 0.013304 -0.006552 0.025361 0.014891 228.370642 130.647356
  103 0.014946 -0.015059 0.010474 0.012244 341.135695 131.430786
  103 -0.187821 -0.108333 0.019543 0.003932 335.595034 124.583099
  103 -0.018933 -0.017920 0.015911 -0.011123 266.278699 96.881305
  103 0.040810 -0.010779 -0.049421 0.035514 112.322626 17.868620
  103 0.241894 -0.192812 0.167561 -0.113962 333.081868 94.535130
  103 -0.192778 0.006588 -0.105971 -0.017774 462.729524 105.979534
  103 -0.299378 -0.050653 0.193500 0.013874 460.434218 99.173999
  103 0.023416 -0.018837 -0.042391 0.071978 482.739483 107.744582
  103 -0.011339 0.039266 -0.029786 0.028580 336.870112 266.676360
  103 -0.133808 -0.005443 -0.067213 -0.021292 449.083681 162.255002
  103 -0.011056 0.093844 -0.028237 0.003674 434.084488 118.258498
  103 0.014840 -0.014045 0.036431 0.052513 53.828796 249.326144
  103 -0.010326 -0.058708 0.016225 -0.038556 131.047798 195.157407
  103 0.006325 -0.027565 0.032308 -0.035959 235.042236 172.217110
  103 -0.149342 0.086741 -0.087820 0.024776 61.761391 197.464266
  103 -0.130326 -0.098443 -0.042111 -0.045647 232.115342 134.007186
  103 0.016556 0.003088 0.021279 0.017040 341.838416 132.858399
  103 -0.076963 -0.050757 -0.011049 -0.012353 340.992122 127.364153
  103 -0.089665 0.021124 -0.046705 -0.009275 269.753849 96.778756
  103 0.008963 0.018234 -0.020723 0.039812 110.729894 17.630068
  103 -0.188286 -0.012119 0.057787 0.003400 472.105594 105.957411
  103 -0.021025 -0.005121 0.008763 -0.018284 470.687120 100.958764
  103 -0.018059 0.036187 -0.046736 0.072085 337.810862 264.261867
  103 -0.125190 -0.021186 0.075222 -0.009286 457.540351 161.913835
  103 -0.030015 0.050108 -0.127993 0.161212 427.334698 124.202742
  103 -0.101262 -0.146637 -0.013398 -0.040133 56.594293 254.467967
  103 0.008907 -0.062789 0.018022 0.036713 132.378473 199.073639
  103 0.013604 -0.023266 0.043798 -0.065267 234.404505 173.843698
  103 -0.150828 0.064856 0.061469 -0.043360 69.951838 192.282078
  103 -0.101681 -0.088806 0.060308 0.026501 239.632845 138.628166
  103 -0.048063 -0.036091 0.016059 -0.000959 344.346216 128.935118
  103 -0.085334 0.002519 -0.025608 -0.001211 271.201913 96.035567
  103 -0.015610 0.140766 -0.032595 0.083826 268.970747 91.611677
  103 0.072324 -0.138589 0.026145 -0.029582 108.128704 21.481421
  103 -0.017482 -0.011947 -0.013439 -0.028125 471.919357 101.504965
  103 -0.049559 0.080604 0.059702 -0.121890 341.702238 256.339003
  103 -0.124038 -0.076599 -0.068477 -0.065666 465.515640 165.042954
  103 -0.126001 0.164855 -0.138080 0.175946 420.631705 132.364297
  103 -0.062250 -0.108121 0.001311 -0.007256 59.907445 258.757641
  103 0.020082 0.000442 0.340073 0.077283 150.967511 205.372125
  103 -0.102718 0.134838 -0.084720 0.071779 78.065294 185.891866
  103 0.001457 -0.021421 0.069533 0.029795 246.745705 143.123590
  103 -0.079876 -0.006157 -0.057707 -0.025318 348.440259 130.287044
  103 -0.064874 0.000209 0.026908 -0.019989 275.426018 94.845551
  103 -0.036071 0.143075 -0.001960 -0.101649 269.361471 81.465655
  103 0.058835 -0.094947 -0.010074 0.055294 105.255243 28.985078
  103 -0.020395 -0.030364 0.048422 0.034145 475.166201 103.782326
  103 -0.022461 0.033761 0.018178 -0.055950 344.006863 252.679316
  103 -0.019842 -0.000401 -0.026614 -0.071574 478.731561 177.562129
  103 -0.026781 -0.020114 -0.155435 -0.121429 470.341850 168.137778
  103 -0.029988 -0.060353 0.028570 0.013766 63.485067 262.981551
  103 -0.124827 0.129665 -0.015181 0.015024 80.509707 182.410863
  103 -0.197756 -0.077245 -0.043648 -0.027093 253.027257 146.280909
  103 -0.089981 -0.025034 -0.005680 -0.005523 350.681055 130.177553
  103 -0.160607 -0.079914 -0.103099 -0.065945 282.641401 97.396111
  103 -0.019736 -0.016611 -0.093411 -0.134437 265.331413 69.426002
  103 -0.118366 -0.204514 -0.044398 -0.117369 107.160239 38.567844
  103 -0.011943 -0.018090 0.029776 0.006207 476.201023 105.332854
  103 -0.028586 0.029654 -0.011255 -0.019386 345.640358 250.650058
  103 -0.148182 -0.115359 0.054668 0.013658 474.232936 169.539435
  103 -0.119352 -0.035149 -0.057536 -0.041298 68.263937 266.037622
  103 -0.075578 0.077861 0.005368 -0.021299 84.802108 177.079492
  103 -0.136729 -0.062117 -0.027722 -0.013371 257.816902 148.010675
  103 -0.049916 -0.017306 0.018185 -0.008115 354.569750 130.528244
  103 -0.097684 -0.204038 0.085449 0.115829 115.690360 51.540796
  103 -0.044031 -0.003111 -0.002497 -0.006017 477.992171 106.011297
  103 0.027578 0.036502 -0.011836 0.018757 345.672605 248.533084
  103 0.026781 0.020114 0.015922 0.014827 479.852188 175.699979
  103 -0.006981 -0.007609 -0.034795 -0.057242 479.198150 173.474388
  103 -0.109570 -0.053388 0.168894 0.067053 81.456836 270.883840
  103 -0.033134 0.020460 0.021498 -0.060176 88.413731 171.248184
  103 -0.092404 -0.042653 -0.000247 -0.007209 262.178560 149.598347
  103 -0.009188 -0.015691 0.041808 -0.017924 358.487405 130.087248
  103 -0.052732 -0.033008 -0.001278 -0.020846 120.503678 59.126255
  103 -0.024180 -0.006773 0.037770 -0.010410 481.497356 105.533088
  103 0.018556 0.040454 0.014764 0.063128 344.196318 246.070503
  103 0.027198 0.022915 0.018894 0.035077 480.043803 177.003096
  103 -0.045731 -0.024310 0.079352 0.022254 86.426460 273.370159
  103 -0.014293 0.200805 -0.005848 0.067401 89.931399 164.167683
  103 -0.131447 -0.004443 -0.129314 -0.034364 269.341796 151.105447
  103 -0.304590 0.086622 -0.139109 0.022973 368.528287 127.817454
  103 -0.027474 -0.034581 0.009494 -0.002049 122.718006 60.068764
  103 0.022081 0.074971 -0.050784 -0.145246 340.784037 236.714806
  103 -0.033000 -0.062269 0.015549 0.012387 480.229462 178.262416
  103 -0.035300 -0.025618 0.032631 -0.006533 89.019448 274.967861
  103 -0.012218 0.158852 -0.016021 -0.088095 89.499636 152.852625
  103 -0.177863 -0.032021 -0.047025 -0.009123 270.938199 150.741332
  103 -0.272928 0.063233 0.126123 -0.044378 385.274964 122.582568
  103 -0.064702 -0.001604 -0.043652 -0.022913 125.667622 61.226690
  103 0.005763 -0.011764 0.028322 -0.023951 482.021673 106.284603
  103 0.012133 0.042413 -0.031056 -0.077566 339.689178 232.958515
  103 -0.003016 -0.020393 0.016501 -0.000898 482.201290 180.205172
  103 -0.109291 0.010849 -0.050737 -0.015049 93.646370 275.440497
  103 0.110876 0.251396 0.040864 0.148444 86.342562 139.724684
  103 -0.129711 -0.023922 0.027245 0.002703 278.141875 151.916052
  103 -0.027092 -0.006868 -0.429564 -0.163849 370.167854 111.465487
  103 -0.070206 -0.020672 -0.011616 -0.004195 127.093368 61.045212
  103 0.027442 -0.026652 -0.013067 0.045751 481.112026 109.200221
  103 0.002431 0.044520 -0.022659 -0.027442 339.223131 230.176648
  103 0.010591 -0.039207 0.020869 -0.035262 481.958880 182.112354
  103 -0.098644 -0.007626 -0.000650 -0.004762 97.107631 274.829032
  103 0.090875 0.254427 -0.045073 -0.125094 80.292988 124.737259
  103 -0.041229 -0.009617 0.043740 -0.026832 284.720166 151.192351
  103 -0.029927 0.015529 0.028441 -0.105975 290.641515 142.827729
  103 -0.045176 -0.013973 0.004036 -0.007366 129.563957 61.297918
  103 0.004704 -0.135245 0.005467 -0.047595 480.083366 114.380914
  103 -0.077751 0.120116 -0.066087 0.067484 341.633382 224.908290
  103 -0.049885 -0.007943 0.065247 -0.036428 103.885459 273.051321
  103 0.017677 0.008069 0.017515 0.026255 76.819348 116.337382
  103 -0.036539 0.182432 -0.009881 0.008165 292.768411 136.492988
  103 -0.019088 -0.013374 0.071788 0.046061 134.993810 64.301443
  103 0.007093 -0.108896 0.012885 0.108585 480.647991 124.735189
  103 -0.096185 0.118579 0.066902 -0.089105 347.834459 216.119236
  103 -0.202664 0.144178 -0.080367 0.042122 111.967026 268.691783
  103 0.014105 0.013456 0.035840 0.038665 75.802348 115.648585
  103 -0.026838 0.098296 -0.008121 -0.068421 293.486935 126.857798
  103 -0.120844 -0.110024 -0.008894 -0.025088 139.471640 68.250180
  103 -0.038520 -0.111813 -0.005235 -0.018671 481.653674 131.797872
  103 -0.104837 0.000902 -0.049003 -0.020215 354.267168 212.295837
  103 -0.171025 0.108617 0.073769 -0.067746 122.546449 260.318173
  103 0.038132 0.040258 -0.049890 -0.038917 72.582095 113.058100
  103 -0.034798 0.022152 -0.043659 0.001027 295.459299 123.003441
  103 -0.068135 -0.076768 0.022328 0.008957 144.577877 72.268041
  103 -0.023800 -0.072097 0.043259 0.088618 485.287188 140.294199
  103 -0.094913 -0.017079 -0.010183 -0.002763 357.056780 212.113600
  103 -0.021541 -0.004440 0.083221 -0.182196 132.638030 246.730540
  103 0.007335 0.019701 -0.023675 -0.004346 71.127135 111.139409
  103 -0.055260 0.011967 0.052384 -0.020121 299.480127 121.177836
  103 -0.117276 -0.059807 -0.084575 -0.069789 150.511012 76.638421
  103 -0.006911 -0.026108 0.025552 0.031996 486.269921 143.436759
  103 -0.056287 -0.010936 0.012148 -0.009368 360.768188 212.140209
  103 0.008242 0.096644 -0.014693 0.062736 70.628642 107.416384
  103 -0.203833 -0.199290 -0.008485 -0.047891 312.683859 131.625329
  103 0.017797 -0.011466 0.016995 0.014049 302.191656 121.574620
  103 -0.131980 -0.090424 -0.006415 -0.009517 153.907808 78.024053
  103 -0.000888 -0.027856 0.021056 0.000881 486.519465 145.163604
  103 -0.188289 0.062510 -0.128869 0.020368 368.594629 210.489853
  103 -0.057280 0.148903 0.009068 -0.077131 141.425998 222.808081
  103 -0.008620 0.102725 -0.017877 -0.053706 69.372686 101.343093
  103 -0.109275 -0.141175 0.085394 0.075322 323.945896 142.182955
  103 0.023636 0.006450 0.027405 0.019259 303.143142 123.010387
  103 -0.071553 -0.053465 0.101758 0.023629 163.778732 82.229018
  103 0.001190 -0.044332 0.021230 -0.040741 486.509784 147.473647
  103 -0.031253 0.007679 -0.255452 0.060837 375.619975 208.243812
  103 0.026469 0.022245 -0.008697 0.021549 142.411940 217.331344
  103 -0.042162 0.014621 -0.047157 0.013953 70.997706 97.588008
  103 -0.094558 -0.058115 -0.013487 -0.010530 305.412658 124.663651
  103 -0.309111 -0.026668 -0.117724 -0.022574 175.959967 84.793260
  103 0.009018 -0.042958 0.027116 -0.091071 486.183136 150.266939
  103 -0.237151 0.056597 0.170006 -0.049215 386.055409 205.266639
  103 0.022077 0.026038 0.019293 0.049387 140.858465 215.786280
  103 -0.061975 0.019410 -0.107200 0.002075 66.397274 97.235291
  103 -0.256644 -0.032909 0.109238 0.002863 191.914235 85.805508
  103 0.028023 -0.100454 -0.011705 0.106450 485.244932 157.549558
  103 -0.075914 -0.019326 -0.010500 -0.027726 396.073502 204.073984
  103 0.018631 0.028580 0.042765 0.080879 139.555812 214.038492
  103 -0.043517 0.004844 -0.168024 0.016059 69.773026 96.459154
  103 -0.043615 -0.028357 -0.003141 -0.011394 309.247288 126.520164
  103 -0.033592 -0.013972 0.009770 -0.011496 200.669088 86.220595
  103 0.014231 -0.041639 0.012658 0.024522 483.892795 162.096539
  103 -0.047063 -0.033707 0.008396 -0.010066 398.968749 204.133778
  103 0.046401 0.084428 -0.073436 -0.108733 134.883905 207.089253
  103 -0.167467 0.016348 0.145970 -0.025299 79.266897 94.900074
  103 -0.024531 -0.024060 0.034534 -0.003693 312.559603 127.222635
  103 -0.184800 0.135307 -0.116149 0.058463 207.657619 82.337876
  103 0.021722 -0.039038 0.033387 -0.021994 482.742297 164.678207
  103 -0.022211 0.089002 -0.031545 0.021816 401.185494 202.364314
  103 0.013345 0.031819 -0.038988 -0.041708 132.972039 203.369371
  103 -0.043807 -0.002280 0.024154 -0.017187 86.027668 94.449899
  103 -0.141439 0.000978 -0.061160 -0.017001 317.870634 127.961257
  103 -0.193123 0.118352 0.117950 -0.094774 220.117460 72.748074
  103 0.039814 -0.038592 -0.018546 0.050698 481.017898 168.741162
  103 -0.038461 0.063420 0.033388 -0.056378 403.749277 196.387275
  103 -0.312881 -0.067696 -0.211693 -0.062394 142.557174 204.517432
  103 -0.076147 -0.021903 -0.045009 -0.031131 89.866201 95.223779
  103 -0.123757 -0.014254 -0.021969 -0.005328 321.177426 127.634294
  103 -0.069092 0.019079 -0.033237 -0.015535 228.508339 68.350284
  103 0.042981 0.146643 0.029192 0.112998 478.368463 165.283530
  103 -0.131807 -0.031915 -0.064784 -0.038212 409.197838 195.379097
  103 -0.340018 -0.087955 0.155606 0.026826 161.205464 208.172526
  103 -0.077105 -0.037948 0.102644 0.036083 97.999670 97.927303
  103 -0.080929 -0.011747 0.002899 -0.008250 325.298551 127.632554
  103 -0.071409 0.007088 -0.114246 -0.000448 233.004380 67.512958
  103 -0.122083 -0.049095 0.278008 0.105472 428.845101 202.254053
  103 -0.158473 0.015644 -0.131813 -0.014867 177.157186 210.486462
  103 -0.029553 -0.016878 0.041148 0.004472 101.412726 99.681745
  103 -0.037950 -0.013028 0.105492 0.033392 333.743068 129.861743
  103 -0.134778 0.003155 0.191932 -0.036389 245.941716 65.266554
  103 -0.178711 -0.088521 0.104577 0.026126 438.470523 206.657746
  103 -0.193543 -0.005070 0.098582 -0.017828 187.699631 208.996400
  103 -0.024838 -0.023729 0.009787 -0.018941 103.153240 100.981161
  103 -0.031594 -0.013820 0.065394 0.017912 335.968484 130.720885
  103 -0.072356 -0.005040 0.072504 -0.037476 252.570003 65.326857
  103 -0.230733 0.089164 -0.131499 0.026497 451.572721 206.637162
  103 -0.053169 0.071024 -0.043666 0.020200 195.594404 206.885866
  103 -0.129462 -0.290555 0.063715 0.092513 116.021440 127.281050
  103 -0.005690 -0.007749 -0.141640 -0.264509 112.060717 118.231259
  103 -0.028144 -0.033504 -0.020761 -0.051940 104.848670 102.812600
  103 -0.085886 -0.053426 -0.002342 -0.020860 339.727853 132.872747
  103 -0.054455 0.045036 -0.000613 -0.014415 256.627963 64.046996
  103 -0.229400 0.067560 0.122980 -0.059595 465.781543 200.476390
  103 -0.064451 0.053029 0.015001 -0.038807 198.128351 202.459297
  103 -0.009478 -0.065051 -0.000665 -0.027034 120.127324 135.078452
  103 0.028144 0.033504 0.017411 0.022622 106.967208 106.950796
  103 -0.044975 -0.044802 0.004894 -0.007011 342.747813 134.193240
  103 -0.027759 0.010017 0.024825 -0.049192 259.748282 59.875716
  103 -0.008054 -0.017900 0.012595 -0.026741 473.821368 196.830346
  103 -0.005316 -0.055969 0.002331 -0.020727 120.559997 136.009730
  103 0.029170 0.036369 0.019746 0.028504 107.162469 107.460649
  103 -0.004948 -0.007696 -0.041599 -0.078216 106.005181 104.270919
  103 -0.018244 -0.028481 0.007511 -0.009442 344.603851 135.102876
  103 0.007648 -0.037650 0.014153 0.015662 261.422074 60.424417
  103 -0.092695 0.129178 -0.045494 0.037419 477.045322 193.269452
  103 -0.000637 -0.045959 0.001125 -0.023366 120.792535 136.503929
  103 0.031708 0.042903 0.021534 0.032538 107.424132 108.102707
  103 -0.002608 -0.022429 0.044361 0.003275 347.649666 136.196030
  103 0.016098 -0.005243 0.025099 0.031689 262.570311 63.387962
  103 -0.085800 0.097038 -0.020086 0.018745 478.896766 190.176107
  103 -0.040185 -0.000913 -0.022412 -0.050391 122.098811 138.003836
  103 0.034528 0.049668 0.023485 0.036707 107.712869 108.767039
  103 -0.083584 0.004660 -0.005336 -0.006970 350.407829 136.764632
  103 0.029814 0.024859 0.036900 0.046951 264.103138 66.161542
  103 -0.060318 0.064775 -0.013690 -0.004435 480.882568 186.824740
  103 -0.129675 -0.212797 -0.028429 -0.121641 127.492258 147.610066
  103 0.026108 0.046542 0.058318 0.141686 130.822053 151.701250
  103 -0.039527 -0.044155 -0.027917 -0.041672 121.835302 135.720246
  103 0.037630 0.056666 0.025599 0.041010 108.028735 109.453704
  103 -0.047818 -0.087964 0.161554 0.294291 115.723023 121.892777
  103 -0.037245 0.001504 -0.075003 -0.003416 354.274354 136.567377
  103 -0.090873 -0.124887 0.001695 -0.010723 266.057019 69.362450
  103 -0.042031 0.028541 0.002742 -0.041411 482.964940 182.453637
  103 -0.089491 -0.211884 0.021773 0.046353 132.850288 156.992199
  103 -0.043973 -0.058215 -0.170275 -0.302542 113.649929 120.342124
  103 0.041014 0.063896 0.027877 0.045448 108.371787 110.162758
  103 -0.004323 -0.008592 0.131490 0.238619 117.391553 124.982577
  103 -0.083664 -0.002210 0.037497 -0.018448 357.547299 135.495389
  103 -0.043967 -0.071742 -0.000052 -0.012324 268.962085 72.674886
  103 -0.018638 -0.021640 -0.013593 -0.021489 483.555498 180.347656
  103 -0.025864 -0.065745 0.024988 0.055360 137.100806 166.844982
  103 0.044682 0.071360 0.030320 0.050021 108.742082 110.894259
  103 -0.003437 -0.007422 0.127016 0.229385 117.639882 125.495039
  103 -0.036153 -0.007251 -0.031586 -0.023903 361.381449 135.798145
  103 -0.022028 -0.046558 0.079459 0.159713 274.778968 83.834684
  103 0.043079 0.088831 0.000499 0.017251 482.773368 178.197549
  103 0.008737 0.015135 -0.013166 0.031253 137.197757 170.683370
  103 0.048634 0.079058 0.032865 0.054615 109.136252 111.641856
  103 -0.001170 -0.011202 0.124360 0.218647 117.787308 126.091002
  103 -0.033674 -0.015728 -0.071847 -0.037152 363.615923 136.533473
  103 -0.040161 -0.123327 0.043602 0.061761 276.769019 89.270989
  103 0.021972 0.059376 0.008007 0.025060 481.839213 176.745776
  103 -0.007048 0.034670 -0.014704 0.047540 136.102080 172.837509
  103 -0.169647 -0.291468 -0.036908 -0.067856 113.008661 118.438995
  103 -0.079142 -0.040082 0.113944 0.048299 371.017406 139.717350
  103 0.017730 -0.008105 0.020878 0.015180 279.212928 94.059924
  103 0.017930 0.051420 -0.034857 -0.040976 479.201556 172.571589
  103 0.062391 -0.180580 0.017205 -0.036588 134.331107 177.506624
  103 -0.116830 -0.204578 0.056323 0.094234 121.563311 132.995958
  103 -0.066187 -0.054817 0.030151 -0.006418 375.667921 142.754103
  103 -0.169709 -0.097144 -0.066749 -0.045504 284.076252 97.427891
  103 0.046805 0.171312 0.002468 0.087446 477.130045 165.444187
  103 0.046116 -0.122019 -0.004074 0.065384 132.108466 186.913971
  103 -0.050582 -0.012715 -0.040202 -0.031052 126.920490 139.949345
  103 -0.047550 -0.088794 -0.035427 -0.089220 379.307498 147.349638
  103 -0.142739 -0.088033 0.108049 0.058583 295.503659 103.787886
  103 0.025543 0.161488 -0.014002 -0.066719 474.855193 156.259288
  103 -0.020040 -0.015025 0.010960 -0.013633 131.274041 191.299371
  103 -0.034865 -0.014436 -0.089469 -0.046707 129.654789 140.818191
  103 -0.054497 -0.121767 0.053976 0.062943 383.824782 153.684359
  103 -0.034073 -0.048351 0.006103 -0.020052 301.161643 108.152179
  103 0.010645 -0.009003 0.006863 0.021200 473.697193 151.379783
  103 -0.097813 0.139592 -0.056991 0.058190 135.045344 187.313210
  103 -0.053153 -0.063544 0.009558 -0.019991 136.321209 145.443870
  103 -0.011744 -0.041565 0.009327 -0.001212 302.769668 109.632145
  103 0.012451 -0.004893 0.020180 0.013187 472.958119 151.824459
  103 -0.098328 0.120258 0.183680 -0.234770 148.369595 169.816504
  103 -0.018288 -0.049108 -0.008662 -0.026012 137.541352 146.033638
  103 0.002217 -0.021834 0.021423 0.006536 304.334462 111.324991
  103 0.013950 -0.000608 0.035402 0.010016 472.113272 152.000478
  103 -0.122984 0.130011 0.056076 -0.090471 155.451601 161.807901
  103 -0.016656 -0.047111 0.000285 -0.015731 138.142381 146.732003
  103 -0.108605 -0.054324 0.157215 0.061174 140.365459 145.097799
  103 0.019686 -0.005249 0.036374 0.010597 306.282288 112.611825
  103 0.037676 0.008382 -0.058223 0.003223 468.435516 152.198809
  103 -0.012864 -0.013450 0.055510 0.043330 162.467926 160.052388
  103 -0.008081 -0.037198 0.006046 -0.009682 139.010917 147.702203
  103 -0.008644 -0.004478 0.089612 0.027270 144.117444 146.979466
  103 -0.063522 -0.015304 0.011100 -0.001253 307.685021 113.269502
  103 0.014526 0.005466 -0.028124 0.011207 466.765059 151.755684
  103 -0.016822 -0.021326 0.038394 0.023279 163.417881 161.165233
  103 0.001203 -0.026995 0.009136 -0.006699 139.776569 148.520715
  103 -0.008785 -0.004749 0.079563 0.021950 144.675175 147.274723
  103 -0.219808 0.181615 -0.152262 0.094639 316.751577 107.947542
  103 0.041868 0.018629 0.004392 0.025100 464.960431 150.984665
  103 -0.012325 -0.023814 0.021588 -0.002748 164.350598 162.609739
  103 -0.033598 0.001462 -0.009542 -0.021421 140.813207 149.337771
  103 -0.008927 -0.005019 0.069351 0.016318 145.241939 147.587297
  103 -0.241944 0.172877 0.167532 -0.125456 333.083467 95.173041
  103 0.037786 0.025782 0.050319 0.050706 462.411479 149.563524
  103 -0.008851 -0.025381 0.009379 -0.031113 165.028215 164.184003
  103 -0.062416 -0.005746 -0.073110 -0.009123 147.550624 150.939403
  103 0.170211 0.001969 0.119973 0.004728 161.045017 150.821443
  103 -0.171937 0.002883 -0.128048 -0.018916 147.390305 149.198743
  103 -0.009069 -0.005291 0.058975 0.010373 145.817803 147.917227
  103 -0.017656 -0.012512 0.017853 -0.032993 341.390669 90.041351
  103 0.062529 0.056862 -0.090569 -0.054727 456.175728 145.701141
  103 0.003708 -0.039672 0.021610 0.037162 166.510766 167.058720
  103 -0.094608 -0.010784 0.163564 -0.000355 158.625733 151.103542
  103 -0.009213 -0.005563 0.048434 0.004115 146.402832 148.264555
  103 -0.037478 -0.075771 -0.013937 -0.083895 343.154966 92.866380
  103 0.032888 0.032379 -0.035554 -0.003273 453.122393 142.845428
  103 -0.084315 -0.061587 -0.024866 -0.021221 169.090181 170.299004
  103 -0.030606 -0.009743 0.054329 0.001008 152.587628 151.757514
  103 -0.047715 -0.006643 0.081504 -0.010404 163.180066 151.661224
  103 -0.164932 -0.012646 -0.095864 -0.007770 149.624825 148.823468
  103 0.037395 0.000787 0.149607 0.009116 155.000857 148.948507
  103 -0.030825 -0.110638 0.034205 0.045905 346.252624 97.838749
  103 0.071915 0.118572 0.024873 0.083761 449.768713 138.015020
  103 -0.063721 -0.049196 0.130440 0.084338 179.027652 176.950542
  103 -0.079564 -0.033496 -0.009193 -0.023923 156.113084 153.141178
  103 0.012883 -0.017927 0.061421 -0.024570 164.294673 152.447475
  103 -0.165598 -0.013062 0.075688 0.002039 159.103361 149.341297
  103 -0.386059 -0.145522 -0.206161 -0.101791 359.592895 106.035858
  103 0.057526 0.131923 -0.100074 -0.199749 441.913333 123.134639
  103 -0.033930 -0.028309 0.074136 0.039650 182.152491 179.430711
  103 -0.047754 -0.037494 0.012632 0.006715 159.360222 154.585757
  103 -0.001661 0.006617 -0.020749 -0.001677 164.455653 149.547523
  103 -0.371809 -0.161033 0.132498 0.053943 379.300421 113.686386
  103 0.024697 0.100717 -0.052666 -0.065615 439.282178 115.690163
  103 -0.036643 -0.032520 0.033445 0.004577 184.410836 181.377246
  103 -0.018904 0.027965 -0.025802 0.001221 161.493294 154.890683
  103 -0.018824 0.001854 0.011805 -0.031195 165.163964 147.604467
  103 -0.071004 -0.033738 0.060195 0.007116 394.539155 119.234349
  103 -0.000149 0.019625 -0.038512 0.003772 438.496648 111.839211
  103 -0.029405 -0.038349 -0.004637 -0.036284 186.524384 183.645060
  103 -0.031827 0.015041 0.050498 -0.026234 164.900876 152.539813
  103 -0.015547 -0.014584 -0.008013 -0.038534 166.263826 148.011813
  103 -0.045073 -0.045121 -0.006732 -0.038353 398.253609 121.757832
  103 -0.023830 -0.042127 -0.035331 -0.082684 188.227890 186.220275
  103 -0.025651 0.000189 0.017358 -0.017452 166.740160 152.052425
  103 -0.014722 -0.040708 0.049841 0.030911 169.527509 150.194077
  103 -0.036860 -0.051558 -0.053973 -0.094096 400.875471 124.851574
  103 -0.042553 -0.092766 0.058211 0.086142 192.221136 192.349189
  103 -0.123680 -0.031698 -0.068743 -0.035620 171.518744 153.060710
  103 0.035861 0.006452 0.114150 0.025223 176.333914 152.896616
  103 -0.065235 -0.107378 0.090974 0.121572 407.104083 133.248678
  103 -0.015248 -0.046777 0.024884 0.005684 194.070780 196.814565
  103 -0.059242 -0.017200 0.012857 0.000455 199.956868 198.256121
  103 -0.121453 -0.046738 0.064799 0.001995 179.072864 154.185773
  103 -0.027973 -0.057052 0.037233 0.026765 410.086741 138.510429
  103 -0.041369 -0.006349 -0.007761 -0.024947 195.882551 198.514602
  103 -0.029392 0.031143 -0.038248 0.008494 202.793154 197.809950
  103 -0.067673 0.060286 -0.044246 0.009806 185.124882 153.752228
  103 0.073195 -0.023630 0.063306 -0.019754 408.639658 141.092247
  103 -0.019217 -0.007138 -0.042693 -0.032724 197.821311 198.946209
  103 -0.047864 0.022938 0.044672 -0.029174 206.212994 195.194237
  103 -0.073184 0.052955 -0.125461 0.075099 189.632302 150.128500
  103 -0.046631 -0.031947 0.109579 0.071927 204.517860 203.166585
  103 -0.089763 -0.043231 -0.034680 -0.040874 210.617050 195.843619
  103 -0.145390 0.091602 0.072597 -0.067733 196.003353 144.674728
  103 -0.031070 -0.021364 0.064778 0.041189 207.004291 204.872541
  103 -0.074956 -0.057061 0.065418 0.030584 217.120160 198.924419
  103 -0.078726 0.044398 -0.056623 0.010681 203.175064 140.322702
  103 -0.020099 -0.024339 0.035275 0.014837 208.641688 206.335063
  103 -0.088465 0.031462 0.072203 -0.026851 209.701540 137.411732
  103 -0.014083 -0.027466 0.015567 -0.015032 209.735521 207.992826
  103 -0.037046 -0.063923 -0.000164 -0.045567 213.717888 138.450498
  103 -0.037566 -0.093830 -0.014213 -0.084969 211.388305 211.874294
  103 -0.018665 -0.071477 0.054205 0.171065 217.911700 149.990147
  103 -0.031109 -0.120599 0.017015 0.046893 213.534736 217.479405
  103 -0.005354 0.030233 -0.021454 0.051249 215.669744 217.237618
  103 0.029747 -0.150024 0.039352 -0.088816 218.566848 205.551132
  103 -0.022425 -0.125980 0.030513 0.057216 219.226577 156.308761
  103 -0.045906 -0.005058 -0.027390 -0.025558 215.999209 221.500429
  103 -0.021282 0.059559 0.044232 -0.140976 218.295966 208.446004
  103 -0.068003 -0.072704 -0.021625 -0.057341 222.120267 162.666648
  103 -0.023595 -0.010961 -0.067463 -0.034794 218.223235 222.013038
  103 -0.063926 0.207883 -0.004897 0.013225 221.022624 199.887850
  103 -0.052755 -0.086077 0.018513 0.014028 225.323850 165.771722
  103 -0.070300 -0.035654 0.043396 0.002342 221.386725 222.493747
  103 -0.036210 0.115410 0.023650 -0.090809 224.380824 188.195697
  103 -0.010323 -0.030874 0.013299 -0.004032 227.750069 168.302416
  103 -0.018279 -0.018976 -0.007677 -0.029156 224.221262 224.241885
  103 -0.046823 0.031344 -0.024225 -0.006194 227.037866 183.499581
  103 0.006371 -0.018934 0.030573 0.004107 229.777206 169.518340
  103 -0.009259 -0.015071 -0.023555 -0.048787 225.102474 225.331387
  103 -0.044419 0.010300 0.002281 -0.009236 228.662783 181.983975
  103 -0.071583 0.002193 -0.007027 -0.005545 231.864000 170.054024
  103 -0.025056 -0.049843 0.039372 0.066284 227.583882 229.492402
  103 -0.020232 -0.002859 0.009179 -0.024318 230.593608 180.304708
  103 -0.004253 -0.016647 0.022473 0.027947 228.521752 231.620091
  103 -0.037044 0.071638 -0.023845 0.015338 232.426437 178.103794
  103 -0.057776 0.168597 -0.055615 0.095228 237.446304 164.716310
  103 -0.000339 -0.017348 0.019825 0.008346 228.668695 232.707925
  103 -0.039200 0.049120 0.029040 -0.050360 235.223581 173.016375
  103 -0.077117 0.166879 0.050192 -0.123851 242.080790 152.447451
  103 -0.078209 -0.036346 -0.025464 -0.022613 231.182234 234.426133
  103 -0.206707 -0.018441 -0.112744 -0.032672 243.092608 172.034646
  103 -0.088174 -0.030591 -0.045111 -0.045271 247.370095 148.086231
  103 -0.252866 -0.143033 -0.216354 -0.126039 241.776631 240.166284
  103 -0.201124 -0.037553 0.111266 -0.001380 255.882501 172.548173
  103 -0.082690 -0.040543 -0.143627 -0.086285 252.837743 150.362515
  103 -0.314052 -0.180816 0.272705 0.147007 265.003475 252.902214
  103 -0.112089 0.067455 -0.069325 0.015861 265.905300 171.591308
  103 -0.165896 -0.095097 0.200574 0.099677 266.615691 157.191970
  103 -0.067830 -0.052992 0.052521 0.012198 277.223709 260.384070
  103 -0.116162 0.047482 0.057512 -0.047533 272.684033 166.794661
  103 -0.076365 -0.050082 0.060892 0.015971 274.368057 161.837686
  103 0.011630 -0.015918 0.069072 0.020705 283.227749 263.228964
  103 -0.008208 -0.017479 0.012129 -0.022984 277.074391 163.999650
  103 0.065713 0.009996 0.103794 0.023941 288.616175 265.067074
  103 -0.009202 -0.036744 0.002091 -0.054248 277.631508 165.734805
  103 -0.246103 -0.052314 -0.000214 -0.000458 294.388640 266.421225
  103 -0.002941 -0.037499 -0.004910 -0.097055 278.020079 168.110585
  103 -0.123237 -0.026554 -0.003388 -0.005165 302.075897 267.808579
  103 -0.064556 -0.017756 0.032077 -0.012204 307.799732 267.981001
  103 -0.000480 0.179798 -0.005422 0.081226 309.880900 262.795674
  103 -0.004942 0.160337 -0.018286 -0.090243 308.881409 252.033648
  103 -0.018328 0.001911 -0.017541 -0.019144 308.065995 245.840384
  103 0.053599 0.058619 0.002795 0.015756 306.937316 243.903443
  103 0.029223 0.042973 0.004221 0.009595 305.456388 242.560156
  103 0.018272 0.029807 -0.005293 0.006446 304.227449 241.542756
  103 0.004545 0.020493 -0.012611 -0.031489 302.942857 238.841270
  103 -0.008663 -0.017061 0.012476 -0.049808 303.489829 235.421125
  103 -0.036791 0.136400 -0.013731 0.019000 304.944346 231.602278
  103 -0.030303 0.084676 -0.005242 0.007274 305.830725 227.641175
  103 -0.019697 0.048646 -0.007061 -0.015330 306.408510 224.080751
  103 0.088937 0.088767 0.032860 0.063899 304.192847 219.683540
  103 0.072964 0.099796 -0.065240 -0.065767 297.726034 213.192937
  103 0.004450 0.017868 -0.020605 0.002076 295.248780 209.427664
  103 -0.002703 0.017237 -0.019598 0.022317 295.192885 208.304290
  103 -0.007977 0.015810 -0.025756 0.041371 295.534655 207.246777
  103 -0.026324 0.043782 0.001625 -0.038356 295.880108 204.612088
  103 0.136274 0.152997 0.065019 0.075102 292.361714 198.315156
  103 0.124521 0.141626 -0.095865 -0.071070 282.680454 189.474850
  103 -0.020872 0.009182 -0.003363 -0.037987 278.509150 182.834503
  103 0.009307 0.151689 -0.010031 0.054767 278.879245 177.686624
  103 -0.002809 0.085610 -0.008225 -0.069315 278.204067 166.571024
  103 -0.078918 0.104543 -0.055347 0.040323 280.819317 160.486128
  103 -0.087455 0.087239 0.014294 -0.034628 284.137989 155.218880
  103 -0.072699 0.040892 -0.078047 0.039249 289.262898 151.118691
  103 -0.104031 0.054482 -0.040014 -0.000964 289.368480 149.756654
  103 -0.086715 0.026405 0.069734 -0.023961 296.567684 146.683379
  103 -0.063350 -0.032657 -0.016790 -0.027566 301.369771 146.883446
  103 -0.046236 -0.040234 -0.006878 -0.008447 303.015236 147.459664
  103 -0.029083 -0.027442 0.006134 -0.006264 304.835189 148.399463
  103 -0.009222 -0.019153 0.075580 -0.003084 309.960521 149.106439
  103 -0.123248 0.002708 -0.016212 -0.002203 321.143333 148.639669
  103 -0.164867 0.009465 -0.024796 -0.008670 315.531373 149.416458
  103 -0.075683 -0.000556 0.010025 -0.013650 325.643690 147.795414
  103 -0.103936 -0.002786 0.082197 -0.004729 325.369045 148.851083
  103 -0.029147 -0.012115 0.053377 -0.025980 331.027942 146.371329
  103 -0.120571 -0.189463 -0.022814 -0.072585 333.909372 157.389028
  103 0.019312 -0.005494 0.024397 0.020287 330.049006 150.066183
  103 -0.114445 0.056501 -0.029415 -0.000388 335.622896 144.950981
  103 -0.080069 -0.157676 0.065655 0.077264 341.411472 167.739959
  103 -0.040501 -0.031787 0.012179 -0.001208 330.727060 151.259179
  103 -0.082731 0.027914 0.064789 -0.030219 342.880906 141.465774
  103 0.016900 -0.011836 0.052128 0.016391 346.866816 173.695290
  103 -0.058349 0.015011 -0.044815 -0.010880 333.890274 151.795998
  103 0.014818 -0.012249 0.032676 0.032816 347.341822 142.393792
  103 -0.156452 -0.042945 -0.028334 -0.015194 351.332468 175.448283
  103 -0.068038 -0.001930 0.014677 -0.020362 336.572020 150.185522
  103 -0.103285 -0.100666 -0.018332 -0.032288 350.172760 146.007052
  103 -0.102797 -0.034649 -0.013550 -0.006251 355.586873 176.475616
  103 -0.034179 -0.006742 -0.044259 -0.025363 339.842963 150.463027
  103 -0.067540 -0.078333 -0.007450 -0.011996 353.064405 148.562551
  103 -0.070875 0.000646 -0.113686 -0.025856 361.144382 177.563724
  103 -0.055470 -0.025365 0.047249 0.011348 343.559025 151.308582
  103 -0.040231 -0.049570 0.012751 -0.000384 355.933382 151.047889
  103 -0.134025 -0.022099 -0.029844 -0.005591 361.756062 177.232757
  103 0.013239 -0.002842 0.059562 0.013813 348.639773 152.886867
  103 -0.009057 -0.025118 0.036635 0.005686 359.253976 152.949666
  103 -0.092893 -0.015898 0.071997 0.008278 370.040678 178.399347
  103 -0.175026 -0.038371 -0.033721 -0.009950 353.816969 154.205675
  103 0.027240 -0.007628 0.223181 0.038114 371.930352 155.868784
  103 0.015989 -0.000771 0.008365 0.023039 373.477520 180.186771
  103 -0.116755 -0.027814 -0.014571 -0.010738 358.609120 154.837594
  103 0.015249 0.019594 0.013333 0.033904 373.705852 182.093100
  103 -0.071013 -0.023219 0.197942 0.020329 373.331089 156.855884
  103 -0.035750 -0.080972 0.001512 -0.001485 374.361892 184.057188
  103 -0.178247 -0.011398 0.054225 0.000370 381.307408 157.963601
  103 -0.016564 -0.041774 0.002072 -0.003570 375.620864 186.450122
  103 -0.042100 -0.005378 -0.001719 -0.010366 386.915881 157.753006
  103 -0.006485 -0.023983 0.013582 -0.000715 376.904676 187.747203
  103 -0.069264 0.047001 -0.065929 0.013633 390.479530 156.421058
  103 0.008535 -0.012612 0.025889 -0.003256 378.549061 188.333937
  103 -0.091805 0.035323 0.036745 -0.034320 394.735315 153.012268
  103 -0.104088 0.008074 -0.029204 -0.005873 381.606751 188.479154
  103 -0.014038 -0.012100 0.008809 -0.026463 398.161969 150.413261
  103 -0.032237 0.071661 -0.017872 0.007879 399.642746 148.507306
  103 -0.059873 -0.005546 -0.065286 -0.025055 393.512605 189.678936
  103 0.049303 0.008374 0.050264 0.014567 395.834250 189.632807
  103 -0.049303 -0.008374 0.009168 -0.004801 393.553409 188.557880
  103 -0.031616 0.042663 -0.007762 0.001817 400.243546 146.314988
  103 -0.086552 -0.024500 0.028787 0.005269 397.026228 190.148829
  103 -0.020100 0.036619 -0.030848 0.011484 395.774291 187.654066
  103 -0.022539 0.022907 -0.007330 -0.011251 400.848479 144.325333
  103 -0.000819 0.071502 -0.021589 0.032369 399.822102 188.644770
  103 -0.036801 0.028268 0.069970 -0.083413 400.300842 181.852835
  103 -0.017626 0.001697 0.095346 -0.032400 406.861442 141.794107
  103 -0.019131 0.063821 -0.009690 -0.015167 399.310527 185.514923
  103 -0.062201 0.004730 0.049320 -0.028694 409.415902 141.588443
  103 -0.038526 0.050893 -0.042933 0.050974 401.155543 181.844069
  103 -0.007486 -0.068274 0.009140 -0.065332 411.645893 143.621841
  103 -0.056494 0.069651 0.016179 -0.026956 403.286278 178.719445
  103 0.000145 0.039185 -0.016311 0.035797 405.089441 175.236690
  103 -0.014072 0.050635 -0.010087 -0.048133 404.524976 171.311352
  103 -0.062724 0.142989 -0.054365 0.063506 406.982438 165.115388
  103 -0.078507 0.126566 0.023677 -0.080382 410.303664 156.078521
  103 0.008170 0.080549 -0.016878 0.039035 412.554436 149.450865
  103 -0.010551 0.074125 -0.001260 -0.061959 412.223073 143.434612
  103 -0.182742 0.235006 -0.112708 0.116279 418.408446 133.542424
  103 -0.189110 0.218339 0.058004 -0.084001 427.475421 121.360187
  103 -0.021243 0.015805 -0.002057 -0.023689 429.220919 116.394897
  103 -0.044254 0.036325 -0.021051 0.013749 432.358584 115.136442
  103 -0.005547 0.041762 -0.017503 0.009502 430.078205 114.552777
  103 -0.040383 0.030086 -0.015344 0.004215 432.923138 114.207968
  103 -0.017952 0.029121 -0.010901 -0.017774 429.650713 112.229926
  103 -0.033497 0.018698 -0.020644 0.000921 433.069651 113.296352
  103 -0.018429 -0.000853 0.093860 -0.008326 435.434406 110.835960
  103 -0.033472 0.013083 -0.059257 0.019246 435.212671 112.279346
  103 -0.068123 0.023231 -0.040761 0.003252 434.021539 112.041187
  103 -0.069409 0.014436 -0.041225 0.000685 433.913479 111.335814
