component unit0/component0 placements 60
  129 -0.065763 -0.064117 -0.154316 0.006017 85.494321 59.166307
  129 -0.158221 -0.006442 -0.078877 0.068651 62.714896 59.226123
  129 -0.060879 0.037112 0.005713 0.069700 50.842327 67.209493
  129 -0.005348 0.062858 0.056993 0.041606 50.791054 77.204572
  129 0.046283 0.054680 0.272978 0.060348 62.539214 85.732423
  130 0.328727 0.057023 0.038628 0.137145 104.409180 103.071289
  130 -0.222289 0.010152 -0.103486 -0.108190 55.458984 176.264648
  130 -0.123159 -0.088755 -0.012645 -0.196966 25.917969 151.704102
  129 0.086568 0.088080 0.165202 -0.008265 64.366508 156.962824
  129 0.176416 0.007353 0.076528 -0.078366 89.361502 157.091005
  129 0.093909 -0.068520 -0.008812 -0.097566 103.487478 145.958228
  129 0.003707 -0.062919 -0.039507 -0.040958 104.205291 133.585215
  129 -0.030269 -0.043997 -0.094736 -0.030537 97.991898 126.353768
  129 -0.044870 -0.017724 -0.233310 -0.057396 83.996451 121.318332
  102 -0.357819 -0.335693 0.144234 -0.108719 45.302734 95.820313
  130 -0.016021 -0.192744 0.204086 -0.080388 34.438477 56.855469
  103 0.030613 0.138664 -0.242766 0.091388 114.098510 73.951415
  103 -0.195217 0.148582 -0.129274 -0.013747 105.944210 68.751219
  103 -0.209713 0.062370 -0.175902 -0.007588 102.428586 63.575438
  103 -0.257397 0.024605 -0.191870 -0.038491 98.490611 59.443335
  103 -0.105362 0.007916 -0.184569 -0.005210 70.855087 57.524567
  103 -0.046739 0.048911 -0.076966 0.053872 53.348608 63.355687
  103 0.007516 0.047166 -0.003780 0.075710 49.348218 73.566090
  103 0.040606 0.025830 0.043175 0.055505 54.133385 82.501637
  103 0.190382 0.039550 0.533387 0.246709 98.316970 101.805701
  103 0.557737 0.233718 0.360179 0.227684 112.214675 113.176550
  103 0.591211 0.314303 0.353745 0.293723 113.999953 121.999182
  103 0.602369 0.411864 0.331915 0.344805 113.502515 131.078160
  103 -0.040054 0.086975 -0.097436 0.134497 123.952634 163.245847
  103 -0.104523 0.160122 -0.160121 0.151818 116.347654 168.888548
  103 -0.191116 0.211716 -0.236662 0.157372 106.557615 172.498776
  103 -0.300789 0.242329 -0.327610 0.151488 94.490965 174.131468
  103 -0.325775 -0.098038 -0.344436 -0.386006 36.342773 154.841309
  103 0.219727 -0.021362 0.149564 0.115252 39.589843 138.447258
  103 -0.461578 -0.383759 0.010118 -0.118331 47.329101 151.411125
  103 -0.222015 -0.294495 -0.058066 -0.109973 58.876953 157.587887
  103 -0.161362 -0.242615 -0.033329 -0.067521 64.131684 163.264313
  103 -0.109583 -0.179861 0.065823 -0.116243 72.948410 164.576492
  103 0.002289 -0.190735 0.140130 -0.098817 84.232281 164.847709
  103 -0.434494 0.252533 -0.109070 -0.063185 98.062847 162.870169
  103 -0.311831 0.071473 -0.129011 -0.023174 104.806569 153.502955
  103 -0.267792 0.015640 -0.077248 -0.040429 110.497868 148.972011
  103 -0.200885 -0.027239 -0.129195 -0.090749 111.896883 143.434980
  103 -0.212479 -0.092316 -0.116886 -0.101834 111.838032 138.654833
  103 -0.207601 -0.134467 -0.152156 -0.106784 110.192697 135.682397
  103 -0.235748 -0.159836 -0.154370 -0.126022 108.268407 132.991147
  103 0.589017 0.504943 0.049317 0.072959 96.963795 121.947728
  103 0.337276 0.315740 0.119211 0.160046 84.731447 114.672125
  103 0.329760 0.357709 0.168909 0.195574 79.617485 111.515671
  103 0.311356 0.348453 -0.007766 0.155277 68.634149 108.686839
  103 0.148943 0.308881 -0.326743 -0.209013 40.536555 85.936133
  103 0.000480 0.089237 -0.240589 0.020533 35.755023 73.196363
  103 -0.090114 0.071173 -0.292270 0.113022 38.623304 68.063230
  103 -0.298509 0.133598 0.044754 -0.237934 43.990773 52.580344
  103 -0.212737 -0.000560 -0.250019 -0.161228 60.350642 48.323130
  103 -0.295086 -0.021077 -0.542817 -0.173703 76.600957 49.015490
  103 -0.618267 -0.161171 -0.240457 -0.126579 72.698362 42.664794
  103 -0.517654 -0.190353 -0.160671 -0.120971 83.565672 41.108398
  103 -0.398159 -0.200081 -0.016771 -0.088748 99.199825 42.274169
  103 0.132465 0.069237 0.169964 0.164190 116.179806 50.892332
component unit1/component0 placements 50
  109 0.434875 0.281525 -0.194550 0.167084 248.694436 50.046870
  130 0.008907 0.176564 -0.166073 0.066050 260.871094 88.398438
  130 0.229456 0.053997 -0.017359 0.216084 264.386719 121.210938
  109 -0.556183 0.324249 -0.291443 -0.202942 250.000755 164.564927
  129 0.202021 0.001094 0.036251 -0.011658 227.328495 155.725089
  129 0.080446 -0.009892 0.045733 -0.058773 239.553929 153.238493
  129 0.053755 -0.050751 -0.005044 -0.095381 247.368852 144.207734
  129 0.003889 -0.079899 -0.041450 -0.051562 247.531217 131.025405
  129 -0.034096 -0.057031 -0.074476 -0.021610 241.341023 122.126482
  129 -0.053814 -0.027201 -0.254297 0.002553 227.593362 117.956555
  129 0.218981 0.000608 0.033375 -0.006476 220.546245 93.684075
  129 0.093155 -0.006370 0.047108 -0.055252 233.753138 91.812711
  129 0.056346 -0.047716 -0.005287 -0.086679 242.061238 83.436251
  129 0.004558 -0.082915 -0.048574 -0.046785 242.163783 70.767843
  129 -0.039579 -0.053956 -0.091294 -0.006492 234.856652 62.603790
  129 -0.031590 -0.006477 -0.265369 0.000608 221.137036 60.749515
  103 0.225830 0.186157 0.130208 0.405581 179.718750 71.259766
  103 0.011095 -0.004614 0.079254 -0.004216 230.575247 93.342548
  103 0.027991 -0.038705 0.062431 -0.055516 240.230170 87.550283
  103 -0.006956 -0.058566 0.002904 -0.098296 243.411091 75.265480
  103 -0.034607 -0.028347 -0.046215 -0.059913 238.792513 64.670687
  103 -0.062294 -0.001509 -0.044201 -0.006191 229.787592 60.905324
  103 -0.225830 -0.186157 0.385346 -0.107334 193.878906 42.792969
  103 0.000000 -1.118469 0.260417 0.082700 172.492188 113.007813
  103 0.014096 -0.008306 0.070711 -0.008984 236.549665 155.032940
  103 0.027744 -0.040994 0.060161 -0.058737 245.588680 148.650795
  103 -0.006636 -0.064547 0.002075 -0.098970 248.617997 135.767044
  103 -0.029531 -0.031897 -0.039925 -0.063471 244.627299 124.710137
  103 -0.050715 -0.012024 -0.056375 -0.029281 236.036899 118.792870
  103 -0.225830 -0.630951 0.130208 0.149124 179.718750 85.493164
  103 -0.315540 0.000800 0.073205 -0.214207 211.202749 48.724413
  103 0.225830 -0.487518 0.130208 0.063784 179.718750 152.338867
  103 -0.359084 0.003358 -0.207040 -0.212731 198.436010 105.576126
  103 -0.069478 -0.006124 -0.148787 -0.217276 223.523319 48.894778
  103 -0.380707 0.000000 0.040910 -0.217307 184.674805 167.939453
  103 -0.074245 -0.031404 -0.456887 -0.228902 212.302549 106.473580
  103 -0.154877 -0.188446 0.314104 -0.106994 214.290220 162.001292
  103 -0.433329 -0.214203 0.097191 -0.122582 220.072494 100.675187
  103 -0.221146 -0.257610 0.373971 0.176109 250.174322 63.097045
  103 0.194949 -0.187007 0.191242 -0.121597 229.860212 161.282940
  103 -0.049388 -0.070990 -0.181132 -0.287018 235.519450 109.801354
  103 -0.000959 -0.114524 0.245910 -0.038455 257.281691 75.005348
  103 -0.556183 0.324249 -0.017037 -0.042466 241.419692 156.891181
  103 -0.181770 -0.284393 -0.019153 -0.170851 236.036851 102.590785
  103 0.068135 -0.067495 0.284642 -0.143403 255.132078 80.829968
  103 -0.292866 0.125299 -0.092702 -0.010129 254.072567 145.953041
  103 0.280905 -0.158105 -0.019273 0.188612 251.882131 93.457798
  103 0.212097 0.270081 -0.139271 0.217837 256.657155 133.300907
  103 -0.107495 -0.290357 0.080712 -0.069960 246.332993 107.808574
  103 -0.014726 0.323946 -0.010242 0.050593 249.301591 127.466263
